condition,condition_family,detector,chord_cluster_window_s,confirmation_delay_s,fixed_cutoff_s,call_id,midi_file,midi_sha256,note_on_count,reference_final_note_off_s,candidate_count,cancel_count,decision_count,premature_decision_count,late_decision_count_2s,candidate_cancel_rate,decision_times_s,matched_500ms,matched_decision_index_500ms,endpoint_error_s_500ms,false_positive_count_500ms,false_negative_count_500ms,matched_1000ms,matched_decision_index_1000ms,endpoint_error_s_1000ms,false_positive_count_1000ms,false_negative_count_1000ms,matched_2000ms,matched_decision_index_2000ms,endpoint_error_s_2000ms,false_positive_count_2000ms,false_negative_count_2000ms
adaptive_full,main,adaptive,0.08,0.15,,A01,A01_c_pentatonic_balanced.mid,e7a1620ba70d4372e998376d91e2f55590448a9cf5878e969a0f70d410659845,14,4.8,1,0,1,0,0,0.0,5.470000,0,-1,,1,1,1,0,0.669999999999976,0,0,1,0,0.669999999999976,0,0
adaptive_full,main,adaptive,0.08,0.15,,A02,A02_a_minor_pentatonic_question.mid,5166d8996017b0341f9265fc4539b25d09211f1cc291b1e25a4623e68b1bbc0e,12,5.054348499999999,1,0,1,0,0,0.0,5.747174,0,-1,,1,1,1,0,0.6928259999999717,0,0,1,0,0.6928259999999717,0,0
adaptive_full,main,adaptive,0.08,0.15,,A03,A03_a_blues_tension.mid,1c61cef65142077e0ea54a46832f15bf535a35b23c920ee8e40193b877467fd4,13,4.166669999999999,1,0,1,0,0,0.0,4.721114,0,-1,,1,1,1,0,0.5544439999999771,0,0,1,0,0.5544439999999771,0,0
adaptive_full,main,adaptive,0.08,0.15,,A04,A04_classical_antecedent.mid,3b1b42414601831b09678bb49b714e6512be53f451a517170b48c6c3addb07f1,10,4.6499999999999995,1,0,1,0,0,0.0,5.425000,0,-1,,1,1,1,0,0.774999999999971,0,0,1,0,0.774999999999971,0,0
adaptive_full,main,adaptive,0.08,0.15,,A05,A05_repetition_tail.mid,c615435e6cf9b0af8c8e4a2d9b7f28ccef90f4cc20ddffc10e23c15ec2296b28,12,4.182691749999999,2,1,1,0,0,0.5,4.720769,0,-1,,1,1,1,0,0.5380769999999764,0,0,1,0,0.5380769999999764,0,0
adaptive_full,main,adaptive,0.08,0.15,,A06,A06_syncopated_pop.mid,25a2a2e4aea59cacc8434b36ae5173bd34aaa66ee7eec8c2e460f3f72addaf0e,12,4.3867945,1,0,1,0,0,0.0,5.318775,0,-1,,1,1,1,0,0.9319809999999737,0,0,1,0,0.9319809999999737,0,0
adaptive_full,main,adaptive,0.08,0.15,,A07,A07_sparse_long_tones.mid,fb6faee9d721a971b5d6388dc979e5a15c26d45366bfef7ade9a8f82eec3358d,6,5.454543999999999,1,0,1,0,1,0.0,7.787726,0,-1,,1,1,0,-1,,1,1,0,-1,,1,1
adaptive_full,main,adaptive,0.08,0.15,,A08,A08_dense_eighth_motion.mid,48faeb92585381b6928f2dc31a3119ec234d815efc25ec9d1ba67538fc3f6b41,16,4.285712000000002,1,0,1,0,0,0.0,4.977855,0,-1,,1,1,1,0,0.6921429999999793,0,0,1,0,0.6921429999999793,0,0
adaptive_full,main,adaptive,0.08,0.15,,A09,A09_arched_contour.mid,91acd677fdf9a30e64f3584796b5fc38d648b1ddf3785f4d6a6445102c15ee7c,11,4.6875,1,0,1,0,0,0.0,5.492500,0,-1,,1,1,1,0,0.8049999999999695,0,0,1,0,0.8049999999999695,0,0
adaptive_full,main,adaptive,0.08,0.15,,A10,A10_leap_gap_fill.mid,6639c3bceab3644ea59e759d1e92e76bcc9a082b5edaea30893d44682f7f3a97,13,4.6499999999999995,1,0,1,0,0,0.0,5.385000,0,-1,,1,1,1,0,0.7349999999999746,0,0,1,0,0.7349999999999746,0,0
adaptive_full,main,adaptive,0.08,0.15,,R01,R01_390-v1.mid,e44793c8c043f7c92184c6189f5e7b1af47c202aaa6df435a76a4d26268313aa,13,4.0,2,0,2,1,0,0.0,2.044583;4.794583,0,-1,,2,1,1,1,0.7945833333333141,1,0,1,1,0.7945833333333141,1,0
adaptive_full,main,adaptive,0.08,0.15,,R02,R02_667-v3.mid,af3cbab9e93480a553c9a217fc1abefdf3db788d071132050fca4cbfe862cdaa,8,4.0,1,0,1,0,0,0.0,4.377083,1,0,0.37708333333330746,0,0,1,0,0.37708333333330746,0,0,1,0,0.37708333333330746,0,0
adaptive_full,main,adaptive,0.08,0.15,,R03,R03_174-v2.mid,88f11f634584a21ce30b0dc39c608cde9da43c7936400bba985f8702ecf9e962,12,3.9999999999999996,2,0,2,1,0,0.0,2.002917;4.597917,0,-1,,2,1,1,1,0.5979166666666536,1,0,1,1,0.5979166666666536,1,0
adaptive_full,main,adaptive,0.08,0.15,,R04,R04_339-v2.mid,828aff4f088b889d0715fee3e65e9243f89520710a795fa7e4b585407a7da650,9,3.817708333333333,1,0,1,0,0,0.0,4.622292,0,-1,,1,1,1,0,0.8045833333333121,0,0,1,0,0.8045833333333121,0,0
adaptive_full,main,adaptive,0.08,0.15,,R05,R05_581.mid,766b0c79d6f6905d1c32f244469b14bf48cb861e79ceede6ac2ee1929437dcf4,13,4.0,1,0,1,0,0,0.0,4.776875,0,-1,,1,1,1,0,0.7768749999999809,0,0,1,0,0.7768749999999809,0,0
adaptive_full,main,adaptive,0.08,0.15,,R06,R06_132-v2.mid,e1ccff44d4528b8e4af0e40bdc4699a89e46169a5a6c766acc8ac50740c17bc4,15,4.0,1,0,1,0,0,0.0,4.744792,0,-1,,1,1,1,0,0.7447916666666501,0,0,1,0,0.7447916666666501,0,0
adaptive_full,main,adaptive,0.08,0.15,,R07,R07_664-v2.mid,d84d97d7bfa78ff716110978692047e182ce9f01efee7a44f583544e113fed69,11,4.0,2,0,2,1,0,0.0,2.920625;4.795625,0,-1,,2,1,1,1,0.7956249999999807,1,0,1,1,0.7956249999999807,1,0
adaptive_full,main,adaptive,0.08,0.15,,R08,R08_266-v1.mid,a60f28e61f3323d5039cd94cdaea65c36ca0311962a73686837cf9dfdde0799d,8,4.0,1,0,1,0,0,0.0,4.440000,1,0,0.4399999999999702,0,0,1,0,0.4399999999999702,0,0,1,0,0.4399999999999702,0,0
adaptive_full,main,adaptive,0.08,0.15,,R09,R09_433.mid,e1f859f9f55ce2a1718a88f1ce5f88ffffd035cd2ac61aeba9f71e42eb3d1658,23,4.000000000000001,1,0,1,0,0,0.0,4.607708,0,-1,,1,1,1,0,0.6077083333333198,0,0,1,0,0.6077083333333198,0,0
adaptive_full,main,adaptive,0.08,0.15,,R10,R10_039-v2.mid,25635c75dc841999c02ffb9b7d67ef21f421bef585b28e0635701689b574a8f6,11,4.000000000000001,2,0,2,1,1,0.0,3.580833;15.990208,0,-1,,2,1,0,-1,,2,1,0,-1,,2,1
adaptive_full,main,adaptive,0.08,0.15,,R11,R11_538.mid,676637ee06573aad6e8ea80367346578ac11b8ed36c9f8ce5702eda3643830ab,20,3.921875,1,0,1,0,0,0.0,4.330833,1,0,0.4089583333333211,0,0,1,0,0.4089583333333211,0,0,1,0,0.4089583333333211,0,0
adaptive_full,main,adaptive,0.08,0.15,,R12,R12_457.mid,151dd04bd54d11512876bab817410ae94fb81547894ff0a3b96401968101f6df,13,4.0,2,0,2,1,0,0.0,2.326250;5.736250,0,-1,,2,1,0,-1,,2,1,1,1,1.7362499999999619,1,0
adaptive_full,main,adaptive,0.08,0.15,,R13,R13_353-v1.mid,ef59a3cdc969d70fd54c9cd52a37e30deb9772958305ace368edde9ea5afc7c3,11,4.0,2,0,2,1,0,0.0,1.859167;4.859167,0,-1,,2,1,1,1,0.8591666666666473,1,0,1,1,0.8591666666666473,1,0
adaptive_full,main,adaptive,0.08,0.15,,R14,R14_073.mid,6014529ddd8b96a82fd599bf2e0268f5da21dad2080ba59e69de225512a58ee3,12,3.939583333333333,1,0,1,0,0,0.0,4.832708,0,-1,,1,1,1,0,0.8931249999999782,0,0,1,0,0.8931249999999782,0,0
adaptive_full,main,adaptive,0.08,0.15,,R15,R15_156-v2.mid,d6ae647242ceff286d61867ebb06ee767c382eed20c618f7988a94d4733b7d8d,9,4.0,2,0,2,1,1,0.0,3.896875;16.056875,0,-1,,2,1,0,-1,,2,1,0,-1,,2,1
adaptive_full,main,adaptive,0.08,0.15,,R16,R16_249.mid,32c21206c709d04269f4de5a9705ca310189a55c657a53ea8612ed3c5ac480dd,8,4.0,1,0,1,0,0,0.0,5.295625,0,-1,,1,1,0,-1,,1,1,1,0,1.2956249999999647,0,0
adaptive_full,main,adaptive,0.08,0.15,,R17,R17_319.mid,7b40b95a494f202130093514531c7232c45d539c2a7ebafe5dee64fac4bc0e7e,18,4.0,1,0,1,0,0,0.0,4.570208,0,-1,,1,1,1,0,0.5702083333333201,0,0,1,0,0.5702083333333201,0,0
adaptive_full,main,adaptive,0.08,0.15,,R18,R18_249.mid,0dc5853f595ca79ae339d76ccf661f166c739dba3b0cb0d66eeb860ef17dd7c0,9,4.0,1,0,1,0,0,0.0,4.365625,1,0,0.3656249999999739,0,0,1,0,0.3656249999999739,0,0,1,0,0.3656249999999739,0,0
adaptive_full,main,adaptive,0.08,0.15,,R19,R19_733.mid,73dc520e4f2e19e784486fb5160d0686a1f7d90b81c9bb57b8e6478f3b2032fe,10,4.0,2,0,2,1,0,0.0,1.744583;4.344583,1,1,0.3445833333333175,1,0,1,1,0.3445833333333175,1,0,1,1,0.3445833333333175,1,0
adaptive_full,main,adaptive,0.08,0.15,,R20,R20_660.mid,a3a01235dabd1fd09f3b7047e7b59bee8af87f41bc4456aa3e261bc412d6998a,8,3.983333333333334,1,0,1,0,0,0.0,5.447708,0,-1,,1,1,0,-1,,1,1,1,0,1.4643749999999653,0,0
adaptive_full,main,adaptive,0.08,0.15,,R21,R21_756-v2.mid,7b479a282dd8ac5742239c1fda08a8a89a1834843d91b2b219beaa12a020ebdc,8,4.0,1,0,1,0,0,0.0,5.600625,0,-1,,1,1,0,-1,,1,1,1,0,1.6006249999999627,0,0
adaptive_full,main,adaptive,0.08,0.15,,R22,R22_156.mid,530aaba96af00f7031edd5c0b26b6a257808c3f3d7df6c3d36f325fc29229487,10,4.0,2,0,2,1,1,0.0,3.791875;16.056875,0,-1,,2,1,0,-1,,2,1,0,-1,,2,1
adaptive_full,main,adaptive,0.08,0.15,,R23,R23_645.mid,4089adb020ffa2aa242ec57c10ef8efd9ad726c8c6bf22e335e91d65a5783ac4,12,3.9999999999999996,2,0,2,1,0,0.0,3.363958;4.568958,0,-1,,2,1,1,1,0.5689583333333181,1,0,1,1,0.5689583333333181,1,0
adaptive_full,main,adaptive,0.08,0.15,,R24,R24_242-v2.mid,5a18cae5a6fd996e3688bb05a6723665c26e561d21b88c112d65d4a6bdb51fca,15,4.000000000000001,3,1,2,1,0,0.3333333333333333,3.341458;4.591458,0,-1,,2,1,1,1,0.5914583333333194,1,0,1,1,0.5914583333333194,1,0
adaptive_full,main,adaptive,0.08,0.15,,R25,R25_618-v1.mid,56ff3fa00dc9e75c7913306f4a8cede335d24189bb8e26cfce827120f12743c7,10,4.0,2,0,2,1,0,0.0,3.186250;4.586250,0,-1,,2,1,1,1,0.5862499999999864,1,0,1,1,0.5862499999999864,1,0
adaptive_full,main,adaptive,0.08,0.15,,R26,R26_560-v1.mid,f0d0a16aff422f9a5877f2944cdd0b959b4801aa449310959626fa7dbd7a6edb,15,3.951041666666667,2,1,1,0,0,0.5,4.622917,0,-1,,1,1,1,0,0.6718749999999831,0,0,1,0,0.6718749999999831,0,0
adaptive_full,main,adaptive,0.08,0.15,,R27,R27_735.mid,c6fabc901af844a2236d5a2956bd48e11d7952607af238e872c0dc7f65dbaa6f,16,4.0,2,1,1,0,0,0.5,4.795625,0,-1,,1,1,1,0,0.7956249999999816,0,0,1,0,0.7956249999999816,0,0
adaptive_full,main,adaptive,0.08,0.15,,R28,R28_804-v3.mid,f2326f94ae3ec36fd956ed7a74f507c37dfaeae99fddbfc7f2cbf87414f92030,11,3.9802083333333336,2,0,2,1,0,0.0,2.786250;4.786250,0,-1,,2,1,1,1,0.8060416666666477,1,0,1,1,0.8060416666666477,1,0
adaptive_full,main,adaptive,0.08,0.15,,R29,R29_846-v2.mid,b750d5ab04a7fcc02298fea281e624dbc92dd1640a17037e580bb5b845ab517b,12,4.0,2,1,1,0,0,0.5,4.812917,0,-1,,1,1,1,0,0.8129166666666441,0,0,1,0,0.8129166666666441,0,0
adaptive_full,main,adaptive,0.08,0.15,,R30,R30_002-v2.mid,3b8c10e5c6886af05080687f0bc745791d33e73b2cec916337c1799e43024254,19,4.0,1,0,1,0,0,0.0,4.747917,0,-1,,1,1,1,0,0.7479166666666499,0,0,1,0,0.7479166666666499,0,0
adaptive_full,main,adaptive,0.08,0.15,,R31,R31_069-v5.mid,ad5859e7014674fc2b088288d32445f60e2790c868a97bae22f5c6c6f7a9c906,10,4.0,1,0,1,0,0,0.0,4.614583,0,-1,,1,1,1,0,0.6145833333333073,0,0,1,0,0.6145833333333073,0,0
adaptive_full,main,adaptive,0.08,0.15,,R32,R32_290-v2.mid,b6d63759467030d9561098d602d2077dba3fd2e6533d64bc6401940ec9398bd7,11,4.0,3,0,3,2,0,0.0,0.866667;3.246667;4.496667,1,2,0.4966666666666528,2,0,1,2,0.4966666666666528,2,0,1,2,0.4966666666666528,2,0
adaptive_full,main,adaptive,0.08,0.15,,R33,R33_144-v1.mid,14914529875824c38e895baf4969bc1f01031d5a20038d87474333091ce8bf16,21,4.0,1,0,1,0,0,0.0,4.573542,0,-1,,1,1,1,0,0.5735416666666548,0,0,1,0,0.5735416666666548,0,0
adaptive_full,main,adaptive,0.08,0.15,,R34,R34_680-v3.mid,193fa77f9af23482857e237a7f27c3f78c79243d9a1ffca85d491c191040a3d9,15,4.0,1,0,1,0,0,0.0,4.773750,0,-1,,1,1,1,0,0.7737499999999811,0,0,1,0,0.7737499999999811,0,0
adaptive_full,main,adaptive,0.08,0.15,,R35,R35_436-v2.mid,0db58df01ff0e7ef7665b41a914d45f2c8da7ce346a391eafaadda58c2fbcbd1,8,3.9999999999999996,2,0,2,1,0,0.0,2.049792;4.799792,0,-1,,2,1,1,1,0.7997916666666476,1,0,1,1,0.7997916666666476,1,0
adaptive_full,main,adaptive,0.08,0.15,,R36,R36_230.mid,292e936198ef29131aa14fa25acb693df0d1183ea1dde8ce70b941f2378a5b3c,11,4.0,2,0,2,1,0,0.0,2.227917;4.877917,0,-1,,2,1,1,1,0.8779166666666445,1,0,1,1,0.8779166666666445,1,0
adaptive_full,main,adaptive,0.08,0.15,,R37,R37_667-v3.mid,3423caa4b45632a7f2c919a198ed678b6eb9786448d01e549dc32a5398afcf9f,7,4.0,1,0,1,0,0,0.0,5.932083,0,-1,,1,1,0,-1,,1,1,1,0,1.9320833333332903,0,0
adaptive_full,main,adaptive,0.08,0.15,,R38,R38_136.mid,3abb38ce19d8de517c62b2014f88ea09cffbe9e6bf5ed9c01ed0c1155a8acbe5,14,4.0,2,1,1,0,0,0.5,4.935833,0,-1,,1,1,1,0,0.9358333333333118,0,0,1,0,0.9358333333333118,0,0
adaptive_full,main,adaptive,0.08,0.15,,R39,R39_578-v3.mid,fceb1f97ce180f42e04547ff0aa0b9478cd06770ac604a3832d919926ad92aa7,16,4.0,1,0,1,0,0,0.0,4.743958,0,-1,,1,1,1,0,0.7439583333333175,0,0,1,0,0.7439583333333175,0,0
adaptive_full,main,adaptive,0.08,0.15,,R40,R40_454.mid,d848f11068ba98d752767ac7826bc58b93c22e9b031ee710f0fae41eccde2eec,12,3.9187499999999997,1,0,1,0,0,0.0,4.954375,0,-1,,1,1,0,-1,,1,1,1,0,1.035624999999976,0,0
adaptive_full,main,adaptive,0.08,0.15,,P001,P001_pop909_clear_motif_melody_298_bridge.mid,8b00372060ba7b623d803e3af7e70f5ef60b65f66816ad377f725005f4c84fa9,10,4.948456,2,1,1,0,0,0.5,6.278662,0,-1,,1,1,0,-1,,1,1,1,0,1.330206047916632,0,0
adaptive_full,main,adaptive,0.08,0.15,,P002,P002_pop909_clear_motif_melody_248_bridge.mid,ccb942640a73e3e0122c796c0971c8f675a924861614fa62562f002ab9ef196d,10,3.478248,1,0,1,0,0,0.0,4.030315,0,-1,,1,1,1,0,0.5520668562499793,0,0,1,0,0.5520668562499793,0,0
adaptive_full,main,adaptive,0.08,0.15,,P003,P003_pop909_clear_motif_melody_339_melody.mid,628d1079f63c4bf7a08c4ee78f0765919be119f7b82f8dc3ffde83afbb2238ec,10,6.3124899,2,0,2,1,0,0.0,4.710481;7.417143,0,-1,,2,1,0,-1,,2,1,1,1,1.104653258333303,1,0
adaptive_full,main,adaptive,0.08,0.15,,P004,P004_pop909_clear_motif_melody_268_melody.mid,e1ad81a5ae674340b836f4d87a0f82f0920845ccc4214feb28ccf9b9603f0948,10,8.0,1,0,1,0,0,0.0,8.347500,1,0,0.347500000000041,0,0,1,0,0.347500000000041,0,0,1,0,0.347500000000041,0,0
adaptive_full,main,adaptive,0.08,0.15,,P005,P005_pop909_clear_motif_melody_021_melody.mid,a1fe99526a41a4b56b5a507d209dd13d4105ef53e85d25dd53ce7e9ee5915ff3,10,4.13157275,2,1,1,0,0,0.5,5.173503,0,-1,,1,1,0,-1,,1,1,1,0,1.0419303541666372,0,0
adaptive_full,main,adaptive,0.08,0.15,,P006,P006_pop909_clear_motif_melody_220_melody.mid,81d85ebdbdb62cf3dd0eb82602b7fe26907e395242e71f5bb78ef112438b09cc,10,3.870936,2,1,1,0,0,0.5,5.055615,0,-1,,1,1,0,-1,,1,1,1,0,1.1846787749999712,0,0
adaptive_full,main,adaptive,0.08,0.15,,P007,P007_pop909_clear_motif_melody_273_melody.mid,b6f10983b8aa291a839fc6e5232bc1920fa3b1e354e6e03e788a7a6b17af9d59,10,6.48648,1,0,1,1,0,0.0,5.257293,0,-1,,1,1,0,-1,,1,1,0,-1,,1,1
adaptive_full,main,adaptive,0.08,0.15,,P008,P008_pop909_clear_motif_melody_713_melody.mid,cc0088d140a0c7f748d7a717a6f796eed7338f6a4d8889e8e2eebd7fab8f8f51,10,5.454544,2,0,2,1,0,0.0,3.470284;6.129374,0,-1,,2,1,1,1,0.6748295708333165,1,0,1,1,0.6748295708333165,1,0
adaptive_full,main,adaptive,0.08,0.15,,P009,P009_pop909_clear_motif_melody_328_melody.mid,e8885a270c794ef4d50b9e6e050e3a0d3d8301d178169d86d88126123dbf06e2,10,5.333328,2,0,2,1,0,0.0,2.229999;6.229995,0,-1,,2,1,1,1,0.896666924999975,1,0,1,1,0.896666924999975,1,0
adaptive_full,main,adaptive,0.08,0.15,,P010,P010_pop909_clear_motif_melody_407_melody.mid,42e7658af7a87529d58b908a6d60cc195eeb297cdd129a98e1cb2649ce5aecce,10,6.15,1,0,1,1,0,0.0,5.520000,0,-1,,1,1,0,-1,,1,1,0,-1,,1,1
adaptive_full,main,adaptive,0.08,0.15,,P011,P011_pop909_clear_motif_melody_119_melody.mid,896c48c32a15cf85bd286aa4436d0a697c9a91692eb0fb128687d212976619d5,10,7.272728,2,0,2,1,0,0.0,2.383182;8.742273,0,-1,,2,1,0,-1,,2,1,1,1,1.4695454500001004,1,0
adaptive_full,main,adaptive,0.08,0.15,,P012,P012_pop909_clear_motif_melody_188_melody.mid,54bf4eb2f8bff2ccd5d214afc84523384678bdefdf3145e821781182c58bc003,10,4.363632000000001,3,0,3,2,0,0.0,1.535227;3.717043;5.080678,0,-1,,3,1,1,2,0.7170457124999796,2,0,1,2,0.7170457124999796,2,0
adaptive_full,main,adaptive,0.08,0.15,,P013,P013_pop909_expressive_rubato_203_bridge.mid,d94792fd3118efad79013d413549904951e6acf204434771004ef7b6bac68e4a,9,3.000000000000001,2,0,2,1,1,0.0,1.478958;5.228958,0,-1,,2,1,0,-1,,2,1,0,-1,,2,1
adaptive_full,main,adaptive,0.08,0.15,,P014,P014_pop909_expressive_rubato_203_bridge.mid,d78dea53ea8b5558568755412ec7c72b704ce448c1990fbb631bad2aba3c7411,9,3.0,1,0,1,0,1,0.0,5.228958,0,-1,,1,1,0,-1,,1,1,0,-1,,1,1
adaptive_full,main,adaptive,0.08,0.15,,P015,P015_pop909_expressive_rubato_263_bridge.mid,fdbb28e369fed211abc0a0b53b2006a331c357c454f4284639fd36961d3aac40,16,5.333328000000002,1,0,1,0,1,0.0,7.450550,0,-1,,1,1,0,-1,,1,1,0,-1,,1,1
adaptive_full,main,adaptive,0.08,0.15,,P016,P016_pop909_expressive_rubato_617_bridge.mid,37d4c7b2c4a5856f926b9e67a662ac676aa83beca73c7dfc2dd6c188e52a38a4,4,1.3348119999999997,1,0,1,0,0,0.0,3.228689,0,-1,,1,1,0,-1,,1,1,1,0,1.893876566666626,0,0
adaptive_full,main,adaptive,0.08,0.15,,P017,P017_pop909_expressive_rubato_178_bridge.mid,cfbf91b1d04e90e9d2e6b6f7ddd9fc480393f1166fde55646495523c989f5d8e,20,6.760552000000001,1,0,1,0,1,0.0,8.855200,0,-1,,1,1,0,-1,,1,1,0,-1,,1,1
adaptive_full,main,adaptive,0.08,0.15,,P018,P018_pop909_expressive_rubato_191_bridge.mid,b6e56889014ca3786b340c447e92d66f50ed149b21600186179487f5799f9b73,22,7.272727999999999,2,0,2,1,1,0.0,3.178712;9.865986,0,-1,,2,1,0,-1,,2,1,0,-1,,2,1
adaptive_full,main,adaptive,0.08,0.15,,P019,P019_pop909_expressive_rubato_178_bridge.mid,51d4e82b5c0b217263d7a849828b0f05a8411876b0a87f85f4c175bf27767739,20,6.760551999999999,3,1,2,1,0,0.3333333333333333,1.409717;8.436468,0,-1,,2,1,0,-1,,2,1,1,1,1.6759155166667092,1,0
adaptive_full,main,adaptive,0.08,0.15,,P020,P020_pop909_expressive_rubato_212_bridge.mid,6f5eee7b1684521d31dac9b4e36649e423a8ce813df0a5f142967525e2bf2e17,17,5.783128,2,0,2,1,0,0.0,4.248793;6.705357,0,-1,,2,1,1,1,0.9222291645833067,1,0,1,1,0.9222291645833067,1,0
adaptive_full,main,adaptive,0.08,0.15,,P021,P021_pop909_chord_arpeggio_polyphonic_227_piano.mid,41b21fee0bca14bd00917fcf3d879b2fcebb9856fef2228a36e0b912e58444c9,18,7.1641759999999985,1,0,1,0,0,0.0,8.476340,0,-1,,1,1,0,-1,,1,1,1,0,1.3121642583333868,0,0
adaptive_full,main,adaptive,0.08,0.15,,P022,P022_pop909_chord_arpeggio_polyphonic_003_piano.mid,ea9963c2ef0400f7458ed0b378c21cc36273462aabccb9685efcd21625bbdcfd,19,2.9268239999999985,1,0,1,0,0,0.0,3.706763,0,-1,,1,1,1,0,0.7799393124999803,0,0,1,0,0.7799393124999803,0,0
adaptive_full,main,adaptive,0.08,0.15,,P023,P023_pop909_chord_arpeggio_polyphonic_222_piano.mid,bddeab49734bbbb17982dc09bdfaac6a8c2e1a112b7fd3464c5e7c9deadcfc94,19,6.1538400000000015,1,0,1,0,0,0.0,7.295507,0,-1,,1,1,0,-1,,1,1,1,0,1.141666999999969,0,0
adaptive_full,main,adaptive,0.08,0.15,,P024,P024_pop909_chord_arpeggio_polyphonic_287_piano.mid,ec7a6fe844d8678913cee3e05d68bc85d02d45d316e498dcfe79e58c814953c2,26,6.9347729000000005,1,0,1,0,1,0.0,9.017672,0,-1,,1,1,0,-1,,1,1,0,-1,,1,1
adaptive_full,main,adaptive,0.08,0.15,,P025,P025_pop909_chord_arpeggio_polyphonic_566_piano.mid,52dae62297b7cdeff27e0bea0925c8bebbbb999e9935efba566c8ffc51c206e8,22,5.783128,1,0,1,0,0,0.0,6.842405,0,-1,,1,1,0,-1,,1,1,1,0,1.0592772499999734,0,0
adaptive_full,main,adaptive,0.08,0.15,,P026,P026_pop909_chord_arpeggio_polyphonic_106_piano.mid,5a21694b1c7abc6be7e5c6ee6dd6611dbca54dacb44c602d9f7dc226f5eaad89,28,7.1641759999999985,1,0,1,0,0,0.0,8.537907,0,-1,,1,1,0,-1,,1,1,1,0,1.3737313958333965,0,0
adaptive_full,main,adaptive,0.08,0.15,,P027,P027_pop909_chord_arpeggio_polyphonic_218_piano.mid,3d2716434e914a4c1b7b0fee64a762d631c9eb844e328c4f880eb95f36c370a6,32,7.0588159999999975,1,0,1,0,0,0.0,7.957198,0,-1,,1,1,1,0,0.8983824666666456,0,0,1,0,0.8983824666666456,0,0
adaptive_full,main,adaptive,0.08,0.15,,P028,P028_pop909_chord_arpeggio_polyphonic_242_piano.mid,cd5c6e16ed3247ea34a6331d4c2e4dd980c5793b2def6bf2d11ae3b4d6d7560e,27,7.868856,1,0,1,0,0,0.0,9.021069,0,-1,,1,1,0,-1,,1,1,1,0,1.1522130437501543,0,0
adaptive_full,main,adaptive,0.08,0.15,,P029,P029_pop909_sparse_short_062_melody.mid,de331be603af62c8ecaeb6b4de4413d0dfe0f3c4a24efa36a90905ae0bb82a26,3,3.24324,1,0,1,0,0,0.0,4.500268,0,-1,,1,1,0,-1,,1,1,1,0,1.257027749999958,0,0
adaptive_full,main,adaptive,0.08,0.15,,P030,P030_pop909_sparse_short_062_melody.mid,f2c561cfdf3ae696074a8292cfd9b6e91d18a740bb99c9c5ad4661e2b5225717,3,2.12837625,1,0,1,1,0,0.0,1.258243,0,-1,,1,1,0,-1,,1,1,0,-1,,1,1
adaptive_full,main,adaptive,0.08,0.15,,P031,P031_pop909_sparse_short_062_melody.mid,113bb580ca65ca779549df831e3b90b62932fe9eb9935891172b6636ee9e6079,3,3.24324,1,0,1,0,0,0.0,4.500268,0,-1,,1,1,0,-1,,1,1,1,0,1.257027749999958,0,0
adaptive_full,main,adaptive,0.08,0.15,,P032,P032_pop909_sparse_short_062_melody.mid,2638d2ec8832338b8f57a7147f9874c863c36279707599ffbd8782269c399746,3,3.24324,1,0,1,0,0,0.0,4.500268,0,-1,,1,1,0,-1,,1,1,1,0,1.257027749999958,0,0
adaptive_full,main,adaptive,0.08,0.15,,P033,P033_pop909_sparse_short_062_melody.mid,dcf51fe0bedf2f9e1acede760976dcde4a78650e163ec3c6ce86d970b4cc65c3,3,3.24324,1,0,1,0,0,0.0,4.500268,0,-1,,1,1,0,-1,,1,1,1,0,1.257027749999958,0,0
adaptive_full,main,adaptive,0.08,0.15,,P034,P034_pop909_dense_fast_095_bridge.mid,1eec4634489ebc2145d5d07f86a58778c994982c97d2dd5704238989cafe8164,49,1.7610275333333312,1,0,1,0,0,0.0,2.165807,1,0,0.40477943333332433,0,0,1,0,0.40477943333332433,0,0,1,0,0.40477943333332433,0,0
adaptive_full,main,adaptive,0.08,0.15,,P035,P035_pop909_dense_fast_351_bridge.mid,cce631ae36062ea5c6c5856ce61c72dee517b0d26fc59e569c45986becb91fa5,28,1.0351939999999993,1,0,1,0,0,0.0,1.402946,1,0,0.36775208541665805,0,0,1,0,0.36775208541665805,0,0,1,0,0.36775208541665805,0,0
adaptive_full,main,adaptive,0.08,0.15,,P036,P036_pop909_dense_fast_095_bridge.mid,8d7b860e3c98cfc78be2b1d435ac9d52da48b3df427707b2c9dc6e28266f4b58,38,1.6801452666666645,1,0,1,0,0,0.0,2.092572,1,0,0.4124264999999909,0,0,1,0,0.4124264999999909,0,0,1,0,0.4124264999999909,0,0
adaptive_full,main,adaptive,0.08,0.15,,P037,P037_pop909_dense_fast_095_bridge.mid,14ee870cca3317109b67f85cc0241e6678d38b8efed31130577d8d722e145a58,30,0.7977932666666666,1,0,1,0,0,0.0,1.200220,1,0,0.4024264999999959,0,0,1,0,0.4024264999999959,0,0,1,0,0.4024264999999959,0,0
adaptive_full,main,adaptive,0.08,0.15,,P038,P038_pop909_dense_fast_727_bridge.mid,4cec022a9c9e7dd2ec868ae3124b7089c195126defe23b8a3d440d2c7bbaf873,45,1.2854942770833329,1,0,1,0,0,0.0,1.688828,1,0,0.40333331874999057,0,0,1,0,0.40333331874999057,0,0,1,0,0.40333331874999057,0,0
adaptive_full,main,adaptive,0.08,0.15,,P039,P039_pop909_chromatic_outside_789_piano.mid,89dc01789fe23c4372b236cc806e6567b05346295e667c74639aa4642a3e304b,16,7.272728,1,0,1,0,1,0.0,9.297879,0,-1,,1,1,0,-1,,1,1,0,-1,,1,1
adaptive_full,main,adaptive,0.08,0.15,,P040,P040_pop909_chromatic_outside_064_piano.mid,76f70f424a678deaed9e02ef3b85db1c47a828b39689b0fb75fd6c5cd5f84a3f,23,7.562499999999999,1,0,1,0,0,0.0,7.688333,1,0,0.12583333333331392,0,0,1,0,0.12583333333331392,0,0,1,0,0.12583333333331392,0,0
adaptive_full,main,adaptive,0.08,0.15,,P041,P041_pop909_chromatic_outside_796_piano.mid,5313ed35276167210c99ca9b0d50773ad1c5a71997072b20b1653efba88eb36f,20,6.486488,1,0,1,0,0,0.0,7.736556,0,-1,,1,1,0,-1,,1,1,1,0,1.2500675395833039,0,0
adaptive_full,main,adaptive,0.08,0.15,,P042,P042_pop909_chromatic_outside_254_piano.mid,dfb97d893bd303a0043e98fe7c14dc376233ce114864c10be992cad37ef88538,24,3.3027539999999993,1,0,1,0,0,0.0,4.121791,0,-1,,1,1,1,0,0.8190365520833103,0,0,1,0,0.8190365520833103,0,0
adaptive_full,main,adaptive,0.08,0.15,,P043,P043_pop909_chromatic_outside_311_bridge.mid,8bb993a52d683a9b093e77f22d9fa6d3df633472edafb5a0056e4e19b5852902,14,7.5,3,0,3,2,0,0.0,2.180937;5.930937;8.425938,0,-1,,3,1,1,2,0.9259375000000531,2,0,1,2,0.9259375000000531,2,0
adaptive_full,main,adaptive,0.08,0.15,,P044,P044_pop909_false_ending_pause_322_bridge.mid,92fa6bc714e6881f40bd275254b082416486b9d155453539c6e2e9cce641a65c,7,4.633333333333333,1,0,1,0,0,0.0,4.742500,1,0,0.10916666666663222,0,0,1,0,0.10916666666663222,0,0,1,0,0.10916666666663222,0,0
adaptive_full,main,adaptive,0.08,0.15,,P045,P045_pop909_false_ending_pause_008_bridge.mid,28ee69826748317d665163811014939ed01825addd8f2c9505d27364a6b4adc8,7,4.876923483333333,2,0,2,2,0,0.0,2.204615;4.570769,0,-1,,2,1,0,-1,,2,1,0,-1,,2,1
adaptive_full,main,adaptive,0.08,0.15,,P046,P046_pop909_false_ending_pause_253_bridge.mid,0e6ab6a38b763c541fa954510aaf319efab974b676865fe44aaa2c2338435f50,7,5.9943121875,2,0,2,1,1,0.0,2.430226;8.416132,0,-1,,2,1,0,-1,,2,1,0,-1,,2,1
adaptive_full,main,adaptive,0.08,0.15,,P047,P047_pop909_false_ending_pause_396_melody.mid,45f3dedbc0915a84ff315fcf7040e15383bbafbc739845cd8f4e4db11fbe1207,7,3.8673180812499997,1,0,1,1,0,0.0,3.542681,0,-1,,1,1,0,-1,,1,1,0,-1,,1,1
adaptive_full,main,adaptive,0.08,0.15,,P048,P048_pop909_repetition_tail_234_bridge.mid,8edaf0b3c05cb78569d9801754c34b780426e21b3654154ff150d50ac4c12b59,8,4.000000000000001,2,0,2,1,0,0.0,3.011250;4.761250,0,-1,,2,1,1,1,0.7612499999999809,1,0,1,1,0.7612499999999809,1,0
adaptive_full,main,adaptive,0.08,0.15,,P049,P049_pop909_repetition_tail_282_bridge.mid,b5bf7675db361f16e2641027f14dbd38a665a77edf6ca030a9254be54ddab400,8,5.691775224999999,1,0,1,0,0,0.0,7.096159,0,-1,,1,1,0,-1,,1,1,1,0,1.4043838916666296,0,0
adaptive_full,main,adaptive,0.08,0.15,,P050,P050_pop909_repetition_tail_340_bridge.mid,92dfb3e992339ebac2e7204e10ece5a799d2ae91faeb4c2a0ff6f5611e0bfbac,8,5.245888,2,0,2,1,0,0.0,3.827151;6.426161,0,-1,,2,1,0,-1,,2,1,1,1,1.1802734833333064,1,0
adaptive_no_clustering,main,adaptive,0.0,0.15,,A01,A01_c_pentatonic_balanced.mid,e7a1620ba70d4372e998376d91e2f55590448a9cf5878e969a0f70d410659845,14,4.8,1,0,1,0,0,0.0,5.470000,0,-1,,1,1,1,0,0.669999999999976,0,0,1,0,0.669999999999976,0,0
adaptive_no_clustering,main,adaptive,0.0,0.15,,A02,A02_a_minor_pentatonic_question.mid,5166d8996017b0341f9265fc4539b25d09211f1cc291b1e25a4623e68b1bbc0e,12,5.054348499999999,1,0,1,0,0,0.0,5.747174,0,-1,,1,1,1,0,0.6928259999999717,0,0,1,0,0.6928259999999717,0,0
adaptive_no_clustering,main,adaptive,0.0,0.15,,A03,A03_a_blues_tension.mid,1c61cef65142077e0ea54a46832f15bf535a35b23c920ee8e40193b877467fd4,13,4.166669999999999,1,0,1,0,0,0.0,4.721114,0,-1,,1,1,1,0,0.5544439999999771,0,0,1,0,0.5544439999999771,0,0
adaptive_no_clustering,main,adaptive,0.0,0.15,,A04,A04_classical_antecedent.mid,3b1b42414601831b09678bb49b714e6512be53f451a517170b48c6c3addb07f1,10,4.6499999999999995,1,0,1,0,0,0.0,5.425000,0,-1,,1,1,1,0,0.774999999999971,0,0,1,0,0.774999999999971,0,0
adaptive_no_clustering,main,adaptive,0.0,0.15,,A05,A05_repetition_tail.mid,c615435e6cf9b0af8c8e4a2d9b7f28ccef90f4cc20ddffc10e23c15ec2296b28,12,4.182691749999999,2,1,1,0,0,0.5,4.720769,0,-1,,1,1,1,0,0.5380769999999764,0,0,1,0,0.5380769999999764,0,0
adaptive_no_clustering,main,adaptive,0.0,0.15,,A06,A06_syncopated_pop.mid,25a2a2e4aea59cacc8434b36ae5173bd34aaa66ee7eec8c2e460f3f72addaf0e,12,4.3867945,1,0,1,0,0,0.0,5.318775,0,-1,,1,1,1,0,0.9319809999999737,0,0,1,0,0.9319809999999737,0,0
adaptive_no_clustering,main,adaptive,0.0,0.15,,A07,A07_sparse_long_tones.mid,fb6faee9d721a971b5d6388dc979e5a15c26d45366bfef7ade9a8f82eec3358d,6,5.454543999999999,1,0,1,0,1,0.0,7.787726,0,-1,,1,1,0,-1,,1,1,0,-1,,1,1
adaptive_no_clustering,main,adaptive,0.0,0.15,,A08,A08_dense_eighth_motion.mid,48faeb92585381b6928f2dc31a3119ec234d815efc25ec9d1ba67538fc3f6b41,16,4.285712000000002,1,0,1,0,0,0.0,4.977855,0,-1,,1,1,1,0,0.6921429999999793,0,0,1,0,0.6921429999999793,0,0
adaptive_no_clustering,main,adaptive,0.0,0.15,,A09,A09_arched_contour.mid,91acd677fdf9a30e64f3584796b5fc38d648b1ddf3785f4d6a6445102c15ee7c,11,4.6875,1,0,1,0,0,0.0,5.492500,0,-1,,1,1,1,0,0.8049999999999695,0,0,1,0,0.8049999999999695,0,0
adaptive_no_clustering,main,adaptive,0.0,0.15,,A10,A10_leap_gap_fill.mid,6639c3bceab3644ea59e759d1e92e76bcc9a082b5edaea30893d44682f7f3a97,13,4.6499999999999995,1,0,1,0,0,0.0,5.385000,0,-1,,1,1,1,0,0.7349999999999746,0,0,1,0,0.7349999999999746,0,0
adaptive_no_clustering,main,adaptive,0.0,0.15,,R01,R01_390-v1.mid,e44793c8c043f7c92184c6189f5e7b1af47c202aaa6df435a76a4d26268313aa,13,4.0,2,0,2,1,0,0.0,2.044583;4.794583,0,-1,,2,1,1,1,0.7945833333333141,1,0,1,1,0.7945833333333141,1,0
adaptive_no_clustering,main,adaptive,0.0,0.15,,R02,R02_667-v3.mid,af3cbab9e93480a553c9a217fc1abefdf3db788d071132050fca4cbfe862cdaa,8,4.0,1,0,1,0,0,0.0,4.377083,1,0,0.37708333333330746,0,0,1,0,0.37708333333330746,0,0,1,0,0.37708333333330746,0,0
adaptive_no_clustering,main,adaptive,0.0,0.15,,R03,R03_174-v2.mid,88f11f634584a21ce30b0dc39c608cde9da43c7936400bba985f8702ecf9e962,12,3.9999999999999996,2,0,2,1,0,0.0,2.002917;4.597917,0,-1,,2,1,1,1,0.5979166666666536,1,0,1,1,0.5979166666666536,1,0
adaptive_no_clustering,main,adaptive,0.0,0.15,,R04,R04_339-v2.mid,828aff4f088b889d0715fee3e65e9243f89520710a795fa7e4b585407a7da650,9,3.817708333333333,1,0,1,0,0,0.0,4.622292,0,-1,,1,1,1,0,0.8045833333333121,0,0,1,0,0.8045833333333121,0,0
adaptive_no_clustering,main,adaptive,0.0,0.15,,R05,R05_581.mid,766b0c79d6f6905d1c32f244469b14bf48cb861e79ceede6ac2ee1929437dcf4,13,4.0,1,0,1,0,0,0.0,4.776875,0,-1,,1,1,1,0,0.7768749999999809,0,0,1,0,0.7768749999999809,0,0
adaptive_no_clustering,main,adaptive,0.0,0.15,,R06,R06_132-v2.mid,e1ccff44d4528b8e4af0e40bdc4699a89e46169a5a6c766acc8ac50740c17bc4,15,4.0,1,0,1,0,0,0.0,4.744792,0,-1,,1,1,1,0,0.7447916666666501,0,0,1,0,0.7447916666666501,0,0
adaptive_no_clustering,main,adaptive,0.0,0.15,,R07,R07_664-v2.mid,d84d97d7bfa78ff716110978692047e182ce9f01efee7a44f583544e113fed69,11,4.0,2,0,2,1,0,0.0,2.920625;4.795625,0,-1,,2,1,1,1,0.7956249999999807,1,0,1,1,0.7956249999999807,1,0
adaptive_no_clustering,main,adaptive,0.0,0.15,,R08,R08_266-v1.mid,a60f28e61f3323d5039cd94cdaea65c36ca0311962a73686837cf9dfdde0799d,8,4.0,1,0,1,0,0,0.0,4.440000,1,0,0.4399999999999702,0,0,1,0,0.4399999999999702,0,0,1,0,0.4399999999999702,0,0
adaptive_no_clustering,main,adaptive,0.0,0.15,,R09,R09_433.mid,e1f859f9f55ce2a1718a88f1ce5f88ffffd035cd2ac61aeba9f71e42eb3d1658,23,4.000000000000001,1,0,1,0,0,0.0,4.607708,0,-1,,1,1,1,0,0.6077083333333198,0,0,1,0,0.6077083333333198,0,0
adaptive_no_clustering,main,adaptive,0.0,0.15,,R10,R10_039-v2.mid,25635c75dc841999c02ffb9b7d67ef21f421bef585b28e0635701689b574a8f6,11,4.000000000000001,2,0,2,1,1,0.0,3.580833;15.990208,0,-1,,2,1,0,-1,,2,1,0,-1,,2,1
adaptive_no_clustering,main,adaptive,0.0,0.15,,R11,R11_538.mid,676637ee06573aad6e8ea80367346578ac11b8ed36c9f8ce5702eda3643830ab,20,3.921875,1,0,1,0,0,0.0,4.330833,1,0,0.4089583333333211,0,0,1,0,0.4089583333333211,0,0,1,0,0.4089583333333211,0,0
adaptive_no_clustering,main,adaptive,0.0,0.15,,R12,R12_457.mid,151dd04bd54d11512876bab817410ae94fb81547894ff0a3b96401968101f6df,13,4.0,2,0,2,1,0,0.0,2.326250;5.736250,0,-1,,2,1,0,-1,,2,1,1,1,1.7362499999999619,1,0
adaptive_no_clustering,main,adaptive,0.0,0.15,,R13,R13_353-v1.mid,ef59a3cdc969d70fd54c9cd52a37e30deb9772958305ace368edde9ea5afc7c3,11,4.0,2,0,2,1,0,0.0,1.859167;4.859167,0,-1,,2,1,1,1,0.8591666666666473,1,0,1,1,0.8591666666666473,1,0
adaptive_no_clustering,main,adaptive,0.0,0.15,,R14,R14_073.mid,6014529ddd8b96a82fd599bf2e0268f5da21dad2080ba59e69de225512a58ee3,12,3.939583333333333,1,0,1,0,0,0.0,4.832708,0,-1,,1,1,1,0,0.8931249999999782,0,0,1,0,0.8931249999999782,0,0
adaptive_no_clustering,main,adaptive,0.0,0.15,,R15,R15_156-v2.mid,d6ae647242ceff286d61867ebb06ee767c382eed20c618f7988a94d4733b7d8d,9,4.0,2,0,2,1,1,0.0,3.896875;16.056875,0,-1,,2,1,0,-1,,2,1,0,-1,,2,1
adaptive_no_clustering,main,adaptive,0.0,0.15,,R16,R16_249.mid,32c21206c709d04269f4de5a9705ca310189a55c657a53ea8612ed3c5ac480dd,8,4.0,1,0,1,0,0,0.0,5.295625,0,-1,,1,1,0,-1,,1,1,1,0,1.2956249999999647,0,0
adaptive_no_clustering,main,adaptive,0.0,0.15,,R17,R17_319.mid,7b40b95a494f202130093514531c7232c45d539c2a7ebafe5dee64fac4bc0e7e,18,4.0,1,0,1,0,0,0.0,4.570208,0,-1,,1,1,1,0,0.5702083333333201,0,0,1,0,0.5702083333333201,0,0
adaptive_no_clustering,main,adaptive,0.0,0.15,,R18,R18_249.mid,0dc5853f595ca79ae339d76ccf661f166c739dba3b0cb0d66eeb860ef17dd7c0,9,4.0,1,0,1,0,0,0.0,4.365625,1,0,0.3656249999999739,0,0,1,0,0.3656249999999739,0,0,1,0,0.3656249999999739,0,0
adaptive_no_clustering,main,adaptive,0.0,0.15,,R19,R19_733.mid,73dc520e4f2e19e784486fb5160d0686a1f7d90b81c9bb57b8e6478f3b2032fe,10,4.0,2,0,2,1,0,0.0,1.744583;4.344583,1,1,0.3445833333333175,1,0,1,1,0.3445833333333175,1,0,1,1,0.3445833333333175,1,0
adaptive_no_clustering,main,adaptive,0.0,0.15,,R20,R20_660.mid,a3a01235dabd1fd09f3b7047e7b59bee8af87f41bc4456aa3e261bc412d6998a,8,3.983333333333334,1,0,1,0,0,0.0,5.447708,0,-1,,1,1,0,-1,,1,1,1,0,1.4643749999999653,0,0
adaptive_no_clustering,main,adaptive,0.0,0.15,,R21,R21_756-v2.mid,7b479a282dd8ac5742239c1fda08a8a89a1834843d91b2b219beaa12a020ebdc,8,4.0,1,0,1,0,0,0.0,5.600625,0,-1,,1,1,0,-1,,1,1,1,0,1.6006249999999627,0,0
adaptive_no_clustering,main,adaptive,0.0,0.15,,R22,R22_156.mid,530aaba96af00f7031edd5c0b26b6a257808c3f3d7df6c3d36f325fc29229487,10,4.0,2,0,2,1,1,0.0,3.791875;16.056875,0,-1,,2,1,0,-1,,2,1,0,-1,,2,1
adaptive_no_clustering,main,adaptive,0.0,0.15,,R23,R23_645.mid,4089adb020ffa2aa242ec57c10ef8efd9ad726c8c6bf22e335e91d65a5783ac4,12,3.9999999999999996,2,0,2,1,0,0.0,3.363958;4.568958,0,-1,,2,1,1,1,0.5689583333333181,1,0,1,1,0.5689583333333181,1,0
adaptive_no_clustering,main,adaptive,0.0,0.15,,R24,R24_242-v2.mid,5a18cae5a6fd996e3688bb05a6723665c26e561d21b88c112d65d4a6bdb51fca,15,4.000000000000001,3,1,2,1,0,0.3333333333333333,3.341458;4.591458,0,-1,,2,1,1,1,0.5914583333333194,1,0,1,1,0.5914583333333194,1,0
adaptive_no_clustering,main,adaptive,0.0,0.15,,R25,R25_618-v1.mid,56ff3fa00dc9e75c7913306f4a8cede335d24189bb8e26cfce827120f12743c7,10,4.0,2,0,2,1,0,0.0,3.186250;4.586250,0,-1,,2,1,1,1,0.5862499999999864,1,0,1,1,0.5862499999999864,1,0
adaptive_no_clustering,main,adaptive,0.0,0.15,,R26,R26_560-v1.mid,f0d0a16aff422f9a5877f2944cdd0b959b4801aa449310959626fa7dbd7a6edb,15,3.951041666666667,2,1,1,0,0,0.5,4.622917,0,-1,,1,1,1,0,0.6718749999999831,0,0,1,0,0.6718749999999831,0,0
adaptive_no_clustering,main,adaptive,0.0,0.15,,R27,R27_735.mid,c6fabc901af844a2236d5a2956bd48e11d7952607af238e872c0dc7f65dbaa6f,16,4.0,2,1,1,0,0,0.5,4.795625,0,-1,,1,1,1,0,0.7956249999999816,0,0,1,0,0.7956249999999816,0,0
adaptive_no_clustering,main,adaptive,0.0,0.15,,R28,R28_804-v3.mid,f2326f94ae3ec36fd956ed7a74f507c37dfaeae99fddbfc7f2cbf87414f92030,11,3.9802083333333336,2,0,2,1,0,0.0,2.786250;4.786250,0,-1,,2,1,1,1,0.8060416666666477,1,0,1,1,0.8060416666666477,1,0
adaptive_no_clustering,main,adaptive,0.0,0.15,,R29,R29_846-v2.mid,b750d5ab04a7fcc02298fea281e624dbc92dd1640a17037e580bb5b845ab517b,12,4.0,2,1,1,0,0,0.5,4.812917,0,-1,,1,1,1,0,0.8129166666666441,0,0,1,0,0.8129166666666441,0,0
adaptive_no_clustering,main,adaptive,0.0,0.15,,R30,R30_002-v2.mid,3b8c10e5c6886af05080687f0bc745791d33e73b2cec916337c1799e43024254,19,4.0,1,0,1,0,0,0.0,4.747917,0,-1,,1,1,1,0,0.7479166666666499,0,0,1,0,0.7479166666666499,0,0
adaptive_no_clustering,main,adaptive,0.0,0.15,,R31,R31_069-v5.mid,ad5859e7014674fc2b088288d32445f60e2790c868a97bae22f5c6c6f7a9c906,10,4.0,1,0,1,0,0,0.0,4.614583,0,-1,,1,1,1,0,0.6145833333333073,0,0,1,0,0.6145833333333073,0,0
adaptive_no_clustering,main,adaptive,0.0,0.15,,R32,R32_290-v2.mid,b6d63759467030d9561098d602d2077dba3fd2e6533d64bc6401940ec9398bd7,11,4.0,3,0,3,2,0,0.0,0.866667;3.246667;4.496667,1,2,0.4966666666666528,2,0,1,2,0.4966666666666528,2,0,1,2,0.4966666666666528,2,0
adaptive_no_clustering,main,adaptive,0.0,0.15,,R33,R33_144-v1.mid,14914529875824c38e895baf4969bc1f01031d5a20038d87474333091ce8bf16,21,4.0,1,0,1,0,0,0.0,4.573542,0,-1,,1,1,1,0,0.5735416666666548,0,0,1,0,0.5735416666666548,0,0
adaptive_no_clustering,main,adaptive,0.0,0.15,,R34,R34_680-v3.mid,193fa77f9af23482857e237a7f27c3f78c79243d9a1ffca85d491c191040a3d9,15,4.0,1,0,1,0,0,0.0,4.773750,0,-1,,1,1,1,0,0.7737499999999811,0,0,1,0,0.7737499999999811,0,0
adaptive_no_clustering,main,adaptive,0.0,0.15,,R35,R35_436-v2.mid,0db58df01ff0e7ef7665b41a914d45f2c8da7ce346a391eafaadda58c2fbcbd1,8,3.9999999999999996,2,0,2,1,0,0.0,2.049792;4.799792,0,-1,,2,1,1,1,0.7997916666666476,1,0,1,1,0.7997916666666476,1,0
adaptive_no_clustering,main,adaptive,0.0,0.15,,R36,R36_230.mid,292e936198ef29131aa14fa25acb693df0d1183ea1dde8ce70b941f2378a5b3c,11,4.0,2,0,2,1,0,0.0,2.227917;4.877917,0,-1,,2,1,1,1,0.8779166666666445,1,0,1,1,0.8779166666666445,1,0
adaptive_no_clustering,main,adaptive,0.0,0.15,,R37,R37_667-v3.mid,3423caa4b45632a7f2c919a198ed678b6eb9786448d01e549dc32a5398afcf9f,7,4.0,1,0,1,0,0,0.0,5.932083,0,-1,,1,1,0,-1,,1,1,1,0,1.9320833333332903,0,0
adaptive_no_clustering,main,adaptive,0.0,0.15,,R38,R38_136.mid,3abb38ce19d8de517c62b2014f88ea09cffbe9e6bf5ed9c01ed0c1155a8acbe5,14,4.0,2,1,1,0,0,0.5,4.935833,0,-1,,1,1,1,0,0.9358333333333118,0,0,1,0,0.9358333333333118,0,0
adaptive_no_clustering,main,adaptive,0.0,0.15,,R39,R39_578-v3.mid,fceb1f97ce180f42e04547ff0aa0b9478cd06770ac604a3832d919926ad92aa7,16,4.0,1,0,1,0,0,0.0,4.743958,0,-1,,1,1,1,0,0.7439583333333175,0,0,1,0,0.7439583333333175,0,0
adaptive_no_clustering,main,adaptive,0.0,0.15,,R40,R40_454.mid,d848f11068ba98d752767ac7826bc58b93c22e9b031ee710f0fae41eccde2eec,12,3.9187499999999997,1,0,1,0,0,0.0,4.954375,0,-1,,1,1,0,-1,,1,1,1,0,1.035624999999976,0,0
adaptive_no_clustering,main,adaptive,0.0,0.15,,P001,P001_pop909_clear_motif_melody_298_bridge.mid,8b00372060ba7b623d803e3af7e70f5ef60b65f66816ad377f725005f4c84fa9,10,4.948456,2,1,1,0,0,0.5,6.278662,0,-1,,1,1,0,-1,,1,1,1,0,1.330206047916632,0,0
adaptive_no_clustering,main,adaptive,0.0,0.15,,P002,P002_pop909_clear_motif_melody_248_bridge.mid,ccb942640a73e3e0122c796c0971c8f675a924861614fa62562f002ab9ef196d,10,3.478248,1,0,1,0,0,0.0,4.030315,0,-1,,1,1,1,0,0.5520668562499793,0,0,1,0,0.5520668562499793,0,0
adaptive_no_clustering,main,adaptive,0.0,0.15,,P003,P003_pop909_clear_motif_melody_339_melody.mid,628d1079f63c4bf7a08c4ee78f0765919be119f7b82f8dc3ffde83afbb2238ec,10,6.3124899,2,0,2,1,0,0.0,4.710481;7.417143,0,-1,,2,1,0,-1,,2,1,1,1,1.104653258333303,1,0
adaptive_no_clustering,main,adaptive,0.0,0.15,,P004,P004_pop909_clear_motif_melody_268_melody.mid,e1ad81a5ae674340b836f4d87a0f82f0920845ccc4214feb28ccf9b9603f0948,10,8.0,1,0,1,0,0,0.0,8.347500,1,0,0.347500000000041,0,0,1,0,0.347500000000041,0,0,1,0,0.347500000000041,0,0
adaptive_no_clustering,main,adaptive,0.0,0.15,,P005,P005_pop909_clear_motif_melody_021_melody.mid,a1fe99526a41a4b56b5a507d209dd13d4105ef53e85d25dd53ce7e9ee5915ff3,10,4.13157275,2,1,1,0,0,0.5,5.173503,0,-1,,1,1,0,-1,,1,1,1,0,1.0419303541666372,0,0
adaptive_no_clustering,main,adaptive,0.0,0.15,,P006,P006_pop909_clear_motif_melody_220_melody.mid,81d85ebdbdb62cf3dd0eb82602b7fe26907e395242e71f5bb78ef112438b09cc,10,3.870936,2,1,1,0,0,0.5,5.055615,0,-1,,1,1,0,-1,,1,1,1,0,1.1846787749999712,0,0
adaptive_no_clustering,main,adaptive,0.0,0.15,,P007,P007_pop909_clear_motif_melody_273_melody.mid,b6f10983b8aa291a839fc6e5232bc1920fa3b1e354e6e03e788a7a6b17af9d59,10,6.48648,1,0,1,1,0,0.0,5.257293,0,-1,,1,1,0,-1,,1,1,0,-1,,1,1
adaptive_no_clustering,main,adaptive,0.0,0.15,,P008,P008_pop909_clear_motif_melody_713_melody.mid,cc0088d140a0c7f748d7a717a6f796eed7338f6a4d8889e8e2eebd7fab8f8f51,10,5.454544,2,0,2,1,0,0.0,3.470284;6.129374,0,-1,,2,1,1,1,0.6748295708333165,1,0,1,1,0.6748295708333165,1,0
adaptive_no_clustering,main,adaptive,0.0,0.15,,P009,P009_pop909_clear_motif_melody_328_melody.mid,e8885a270c794ef4d50b9e6e050e3a0d3d8301d178169d86d88126123dbf06e2,10,5.333328,2,0,2,1,0,0.0,2.229999;6.229995,0,-1,,2,1,1,1,0.896666924999975,1,0,1,1,0.896666924999975,1,0
adaptive_no_clustering,main,adaptive,0.0,0.15,,P010,P010_pop909_clear_motif_melody_407_melody.mid,42e7658af7a87529d58b908a6d60cc195eeb297cdd129a98e1cb2649ce5aecce,10,6.15,1,0,1,1,0,0.0,5.520000,0,-1,,1,1,0,-1,,1,1,0,-1,,1,1
adaptive_no_clustering,main,adaptive,0.0,0.15,,P011,P011_pop909_clear_motif_melody_119_melody.mid,896c48c32a15cf85bd286aa4436d0a697c9a91692eb0fb128687d212976619d5,10,7.272728,2,0,2,1,0,0.0,2.383182;8.742273,0,-1,,2,1,0,-1,,2,1,1,1,1.4695454500001004,1,0
adaptive_no_clustering,main,adaptive,0.0,0.15,,P012,P012_pop909_clear_motif_melody_188_melody.mid,54bf4eb2f8bff2ccd5d214afc84523384678bdefdf3145e821781182c58bc003,10,4.363632000000001,3,0,3,2,0,0.0,1.535227;3.717043;5.080678,0,-1,,3,1,1,2,0.7170457124999796,2,0,1,2,0.7170457124999796,2,0
adaptive_no_clustering,main,adaptive,0.0,0.15,,P013,P013_pop909_expressive_rubato_203_bridge.mid,d94792fd3118efad79013d413549904951e6acf204434771004ef7b6bac68e4a,9,3.000000000000001,2,0,2,1,1,0.0,1.478958;5.228958,0,-1,,2,1,0,-1,,2,1,0,-1,,2,1
adaptive_no_clustering,main,adaptive,0.0,0.15,,P014,P014_pop909_expressive_rubato_203_bridge.mid,d78dea53ea8b5558568755412ec7c72b704ce448c1990fbb631bad2aba3c7411,9,3.0,1,0,1,0,1,0.0,5.228958,0,-1,,1,1,0,-1,,1,1,0,-1,,1,1
adaptive_no_clustering,main,adaptive,0.0,0.15,,P015,P015_pop909_expressive_rubato_263_bridge.mid,fdbb28e369fed211abc0a0b53b2006a331c357c454f4284639fd36961d3aac40,16,5.333328000000002,1,0,1,0,1,0.0,7.450550,0,-1,,1,1,0,-1,,1,1,0,-1,,1,1
adaptive_no_clustering,main,adaptive,0.0,0.15,,P016,P016_pop909_expressive_rubato_617_bridge.mid,37d4c7b2c4a5856f926b9e67a662ac676aa83beca73c7dfc2dd6c188e52a38a4,4,1.3348119999999997,1,0,1,0,0,0.0,3.228689,0,-1,,1,1,0,-1,,1,1,1,0,1.893876566666626,0,0
adaptive_no_clustering,main,adaptive,0.0,0.15,,P017,P017_pop909_expressive_rubato_178_bridge.mid,cfbf91b1d04e90e9d2e6b6f7ddd9fc480393f1166fde55646495523c989f5d8e,20,6.760552000000001,1,0,1,0,1,0.0,8.855200,0,-1,,1,1,0,-1,,1,1,0,-1,,1,1
adaptive_no_clustering,main,adaptive,0.0,0.15,,P018,P018_pop909_expressive_rubato_191_bridge.mid,b6e56889014ca3786b340c447e92d66f50ed149b21600186179487f5799f9b73,22,7.272727999999999,2,0,2,1,1,0.0,3.178712;9.865986,0,-1,,2,1,0,-1,,2,1,0,-1,,2,1
adaptive_no_clustering,main,adaptive,0.0,0.15,,P019,P019_pop909_expressive_rubato_178_bridge.mid,51d4e82b5c0b217263d7a849828b0f05a8411876b0a87f85f4c175bf27767739,20,6.760551999999999,3,1,2,1,0,0.3333333333333333,1.409717;8.436468,0,-1,,2,1,0,-1,,2,1,1,1,1.6759155166667092,1,0
adaptive_no_clustering,main,adaptive,0.0,0.15,,P020,P020_pop909_expressive_rubato_212_bridge.mid,6f5eee7b1684521d31dac9b4e36649e423a8ce813df0a5f142967525e2bf2e17,17,5.783128,2,0,2,1,0,0.0,4.248793;6.705357,0,-1,,2,1,1,1,0.9222291645833067,1,0,1,1,0.9222291645833067,1,0
adaptive_no_clustering,main,adaptive,0.0,0.15,,P021,P021_pop909_chord_arpeggio_polyphonic_227_piano.mid,41b21fee0bca14bd00917fcf3d879b2fcebb9856fef2228a36e0b912e58444c9,18,7.1641759999999985,1,0,1,0,0,0.0,8.476340,0,-1,,1,1,0,-1,,1,1,1,0,1.3121642583333868,0,0
adaptive_no_clustering,main,adaptive,0.0,0.15,,P022,P022_pop909_chord_arpeggio_polyphonic_003_piano.mid,ea9963c2ef0400f7458ed0b378c21cc36273462aabccb9685efcd21625bbdcfd,19,2.9268239999999985,1,0,1,0,0,0.0,3.706763,0,-1,,1,1,1,0,0.7799393124999803,0,0,1,0,0.7799393124999803,0,0
adaptive_no_clustering,main,adaptive,0.0,0.15,,P023,P023_pop909_chord_arpeggio_polyphonic_222_piano.mid,bddeab49734bbbb17982dc09bdfaac6a8c2e1a112b7fd3464c5e7c9deadcfc94,19,6.1538400000000015,1,0,1,0,0,0.0,7.295507,0,-1,,1,1,0,-1,,1,1,1,0,1.141666999999969,0,0
adaptive_no_clustering,main,adaptive,0.0,0.15,,P024,P024_pop909_chord_arpeggio_polyphonic_287_piano.mid,ec7a6fe844d8678913cee3e05d68bc85d02d45d316e498dcfe79e58c814953c2,26,6.9347729000000005,1,0,1,0,1,0.0,9.017672,0,-1,,1,1,0,-1,,1,1,0,-1,,1,1
adaptive_no_clustering,main,adaptive,0.0,0.15,,P025,P025_pop909_chord_arpeggio_polyphonic_566_piano.mid,52dae62297b7cdeff27e0bea0925c8bebbbb999e9935efba566c8ffc51c206e8,22,5.783128,1,0,1,0,0,0.0,6.842405,0,-1,,1,1,0,-1,,1,1,1,0,1.0592772499999734,0,0
adaptive_no_clustering,main,adaptive,0.0,0.15,,P026,P026_pop909_chord_arpeggio_polyphonic_106_piano.mid,5a21694b1c7abc6be7e5c6ee6dd6611dbca54dacb44c602d9f7dc226f5eaad89,28,7.1641759999999985,1,0,1,0,0,0.0,8.537907,0,-1,,1,1,0,-1,,1,1,1,0,1.3737313958333965,0,0
adaptive_no_clustering,main,adaptive,0.0,0.15,,P027,P027_pop909_chord_arpeggio_polyphonic_218_piano.mid,3d2716434e914a4c1b7b0fee64a762d631c9eb844e328c4f880eb95f36c370a6,32,7.0588159999999975,1,0,1,0,0,0.0,7.957198,0,-1,,1,1,1,0,0.8983824666666456,0,0,1,0,0.8983824666666456,0,0
adaptive_no_clustering,main,adaptive,0.0,0.15,,P028,P028_pop909_chord_arpeggio_polyphonic_242_piano.mid,cd5c6e16ed3247ea34a6331d4c2e4dd980c5793b2def6bf2d11ae3b4d6d7560e,27,7.868856,1,0,1,0,0,0.0,9.021069,0,-1,,1,1,0,-1,,1,1,1,0,1.1522130437501543,0,0
adaptive_no_clustering,main,adaptive,0.0,0.15,,P029,P029_pop909_sparse_short_062_melody.mid,de331be603af62c8ecaeb6b4de4413d0dfe0f3c4a24efa36a90905ae0bb82a26,3,3.24324,1,0,1,0,0,0.0,4.500268,0,-1,,1,1,0,-1,,1,1,1,0,1.257027749999958,0,0
adaptive_no_clustering,main,adaptive,0.0,0.15,,P030,P030_pop909_sparse_short_062_melody.mid,f2c561cfdf3ae696074a8292cfd9b6e91d18a740bb99c9c5ad4661e2b5225717,3,2.12837625,1,0,1,1,0,0.0,1.258243,0,-1,,1,1,0,-1,,1,1,0,-1,,1,1
adaptive_no_clustering,main,adaptive,0.0,0.15,,P031,P031_pop909_sparse_short_062_melody.mid,113bb580ca65ca779549df831e3b90b62932fe9eb9935891172b6636ee9e6079,3,3.24324,1,0,1,0,0,0.0,4.500268,0,-1,,1,1,0,-1,,1,1,1,0,1.257027749999958,0,0
adaptive_no_clustering,main,adaptive,0.0,0.15,,P032,P032_pop909_sparse_short_062_melody.mid,2638d2ec8832338b8f57a7147f9874c863c36279707599ffbd8782269c399746,3,3.24324,1,0,1,0,0,0.0,4.500268,0,-1,,1,1,0,-1,,1,1,1,0,1.257027749999958,0,0
adaptive_no_clustering,main,adaptive,0.0,0.15,,P033,P033_pop909_sparse_short_062_melody.mid,dcf51fe0bedf2f9e1acede760976dcde4a78650e163ec3c6ce86d970b4cc65c3,3,3.24324,1,0,1,0,0,0.0,4.500268,0,-1,,1,1,0,-1,,1,1,1,0,1.257027749999958,0,0
adaptive_no_clustering,main,adaptive,0.0,0.15,,P034,P034_pop909_dense_fast_095_bridge.mid,1eec4634489ebc2145d5d07f86a58778c994982c97d2dd5704238989cafe8164,49,1.7610275333333312,1,0,1,0,0,0.0,1.960807,1,0,0.1997794333333287,0,0,1,0,0.1997794333333287,0,0,1,0,0.1997794333333287,0,0
adaptive_no_clustering,main,adaptive,0.0,0.15,,P035,P035_pop909_dense_fast_351_bridge.mid,cce631ae36062ea5c6c5856ce61c72dee517b0d26fc59e569c45986becb91fa5,28,1.0351939999999993,2,1,1,0,0,0.5,1.192946,1,0,0.15775208541666252,0,0,1,0,0.15775208541666252,0,0,1,0,0.15775208541666252,0,0
adaptive_no_clustering,main,adaptive,0.0,0.15,,P036,P036_pop909_dense_fast_095_bridge.mid,8d7b860e3c98cfc78be2b1d435ac9d52da48b3df427707b2c9dc6e28266f4b58,38,1.6801452666666645,1,0,1,0,0,0.0,1.897572,1,0,0.21742649999999486,0,0,1,0,0.21742649999999486,0,0,1,0,0.21742649999999486,0,0
adaptive_no_clustering,main,adaptive,0.0,0.15,,P037,P037_pop909_dense_fast_095_bridge.mid,14ee870cca3317109b67f85cc0241e6678d38b8efed31130577d8d722e145a58,30,0.7977932666666666,1,0,1,0,0,0.0,1.015220,1,0,0.21742649999999986,0,0,1,0,0.21742649999999986,0,0,1,0,0.21742649999999986,0,0
adaptive_no_clustering,main,adaptive,0.0,0.15,,P038,P038_pop909_dense_fast_727_bridge.mid,4cec022a9c9e7dd2ec868ae3124b7089c195126defe23b8a3d440d2c7bbaf873,45,1.2854942770833329,1,0,1,0,0,0.0,1.503828,1,0,0.2183333187499945,0,0,1,0,0.2183333187499945,0,0,1,0,0.2183333187499945,0,0
adaptive_no_clustering,main,adaptive,0.0,0.15,,P039,P039_pop909_chromatic_outside_789_piano.mid,89dc01789fe23c4372b236cc806e6567b05346295e667c74639aa4642a3e304b,16,7.272728,6,2,4,4,0,0.3333333333333333,1.163030;3.076061;4.393485;6.422879,0,-1,,4,1,0,-1,,4,1,0,-1,,4,1
adaptive_no_clustering,main,adaptive,0.0,0.15,,P040,P040_pop909_chromatic_outside_064_piano.mid,76f70f424a678deaed9e02ef3b85db1c47a828b39689b0fb75fd6c5cd5f84a3f,23,7.562499999999999,1,0,1,0,0,0.0,7.688333,1,0,0.12583333333331392,0,0,1,0,0.12583333333331392,0,0,1,0,0.12583333333331392,0,0
adaptive_no_clustering,main,adaptive,0.0,0.15,,P041,P041_pop909_chromatic_outside_796_piano.mid,5313ed35276167210c99ca9b0d50773ad1c5a71997072b20b1653efba88eb36f,20,6.486488,1,0,1,0,0,0.0,7.736556,0,-1,,1,1,0,-1,,1,1,1,0,1.2500675395833039,0,0
adaptive_no_clustering,main,adaptive,0.0,0.15,,P042,P042_pop909_chromatic_outside_254_piano.mid,dfb97d893bd303a0043e98fe7c14dc376233ce114864c10be992cad37ef88538,24,3.3027539999999993,1,0,1,0,0,0.0,4.121791,0,-1,,1,1,1,0,0.8190365520833103,0,0,1,0,0.8190365520833103,0,0
adaptive_no_clustering,main,adaptive,0.0,0.15,,P043,P043_pop909_chromatic_outside_311_bridge.mid,8bb993a52d683a9b093e77f22d9fa6d3df633472edafb5a0056e4e19b5852902,14,7.5,3,0,3,2,0,0.0,2.180937;5.930937;8.425938,0,-1,,3,1,1,2,0.9259375000000531,2,0,1,2,0.9259375000000531,2,0
adaptive_no_clustering,main,adaptive,0.0,0.15,,P044,P044_pop909_false_ending_pause_322_bridge.mid,92fa6bc714e6881f40bd275254b082416486b9d155453539c6e2e9cce641a65c,7,4.633333333333333,1,0,1,0,0,0.0,4.742500,1,0,0.10916666666663222,0,0,1,0,0.10916666666663222,0,0,1,0,0.10916666666663222,0,0
adaptive_no_clustering,main,adaptive,0.0,0.15,,P045,P045_pop909_false_ending_pause_008_bridge.mid,28ee69826748317d665163811014939ed01825addd8f2c9505d27364a6b4adc8,7,4.876923483333333,2,0,2,2,0,0.0,2.204615;4.570769,0,-1,,2,1,0,-1,,2,1,0,-1,,2,1
adaptive_no_clustering,main,adaptive,0.0,0.15,,P046,P046_pop909_false_ending_pause_253_bridge.mid,0e6ab6a38b763c541fa954510aaf319efab974b676865fe44aaa2c2338435f50,7,5.9943121875,2,0,2,1,1,0.0,2.430226;8.416132,0,-1,,2,1,0,-1,,2,1,0,-1,,2,1
adaptive_no_clustering,main,adaptive,0.0,0.15,,P047,P047_pop909_false_ending_pause_396_melody.mid,45f3dedbc0915a84ff315fcf7040e15383bbafbc739845cd8f4e4db11fbe1207,7,3.8673180812499997,1,0,1,1,0,0.0,3.542681,0,-1,,1,1,0,-1,,1,1,0,-1,,1,1
adaptive_no_clustering,main,adaptive,0.0,0.15,,P048,P048_pop909_repetition_tail_234_bridge.mid,8edaf0b3c05cb78569d9801754c34b780426e21b3654154ff150d50ac4c12b59,8,4.000000000000001,2,0,2,1,0,0.0,3.011250;4.761250,0,-1,,2,1,1,1,0.7612499999999809,1,0,1,1,0.7612499999999809,1,0
adaptive_no_clustering,main,adaptive,0.0,0.15,,P049,P049_pop909_repetition_tail_282_bridge.mid,b5bf7675db361f16e2641027f14dbd38a665a77edf6ca030a9254be54ddab400,8,5.691775224999999,1,0,1,0,0,0.0,7.096159,0,-1,,1,1,0,-1,,1,1,1,0,1.4043838916666296,0,0
adaptive_no_clustering,main,adaptive,0.0,0.15,,P050,P050_pop909_repetition_tail_340_bridge.mid,92dfb3e992339ebac2e7204e10ece5a799d2ae91faeb4c2a0ff6f5611e0bfbac,8,5.245888,2,0,2,1,0,0.0,3.827151;6.121161,0,-1,,2,1,1,1,0.8752734833333129,1,0,1,1,0.8752734833333129,1,0
adaptive_no_confirmation,main,adaptive,0.08,0.0,,A01,A01_c_pentatonic_balanced.mid,e7a1620ba70d4372e998376d91e2f55590448a9cf5878e969a0f70d410659845,14,4.8,1,0,1,0,0,0.0,5.315000,0,-1,,1,1,1,0,0.5149999999999793,0,0,1,0,0.5149999999999793,0,0
adaptive_no_confirmation,main,adaptive,0.08,0.0,,A02,A02_a_minor_pentatonic_question.mid,5166d8996017b0341f9265fc4539b25d09211f1cc291b1e25a4623e68b1bbc0e,12,5.054348499999999,1,0,1,0,0,0.0,5.592174,0,-1,,1,1,1,0,0.537825999999975,0,0,1,0,0.537825999999975,0,0
adaptive_no_confirmation,main,adaptive,0.08,0.0,,A03,A03_a_blues_tension.mid,1c61cef65142077e0ea54a46832f15bf535a35b23c920ee8e40193b877467fd4,13,4.166669999999999,1,0,1,0,0,0.0,4.566114,1,0,0.39944399999998037,0,0,1,0,0.39944399999998037,0,0,1,0,0.39944399999998037,0,0
adaptive_no_confirmation,main,adaptive,0.08,0.0,,A04,A04_classical_antecedent.mid,3b1b42414601831b09678bb49b714e6512be53f451a517170b48c6c3addb07f1,10,4.6499999999999995,1,0,1,0,0,0.0,5.270000,0,-1,,1,1,1,0,0.6199999999999743,0,0,1,0,0.6199999999999743,0,0
adaptive_no_confirmation,main,adaptive,0.08,0.0,,A05,A05_repetition_tail.mid,c615435e6cf9b0af8c8e4a2d9b7f28ccef90f4cc20ddffc10e23c15ec2296b28,12,4.182691749999999,2,0,2,1,0,0.0,2.884230;4.330769,1,1,0.1480769999999847,1,0,1,1,0.1480769999999847,1,0,1,1,0.1480769999999847,1,0
adaptive_no_confirmation,main,adaptive,0.08,0.0,,A06,A06_syncopated_pop.mid,25a2a2e4aea59cacc8434b36ae5173bd34aaa66ee7eec8c2e460f3f72addaf0e,12,4.3867945,1,0,1,0,0,0.0,5.163775,0,-1,,1,1,1,0,0.776980999999977,0,0,1,0,0.776980999999977,0,0
adaptive_no_confirmation,main,adaptive,0.08,0.0,,A07,A07_sparse_long_tones.mid,fb6faee9d721a971b5d6388dc979e5a15c26d45366bfef7ade9a8f82eec3358d,6,5.454543999999999,1,0,1,0,1,0.0,7.632726,0,-1,,1,1,0,-1,,1,1,0,-1,,1,1
adaptive_no_confirmation,main,adaptive,0.08,0.0,,A08,A08_dense_eighth_motion.mid,48faeb92585381b6928f2dc31a3119ec234d815efc25ec9d1ba67538fc3f6b41,16,4.285712000000002,1,0,1,0,0,0.0,4.822855,0,-1,,1,1,1,0,0.5371429999999826,0,0,1,0,0.5371429999999826,0,0
adaptive_no_confirmation,main,adaptive,0.08,0.0,,A09,A09_arched_contour.mid,91acd677fdf9a30e64f3584796b5fc38d648b1ddf3785f4d6a6445102c15ee7c,11,4.6875,1,0,1,0,0,0.0,5.337500,0,-1,,1,1,1,0,0.6499999999999728,0,0,1,0,0.6499999999999728,0,0
adaptive_no_confirmation,main,adaptive,0.08,0.0,,A10,A10_leap_gap_fill.mid,6639c3bceab3644ea59e759d1e92e76bcc9a082b5edaea30893d44682f7f3a97,13,4.6499999999999995,1,0,1,0,0,0.0,5.230000,0,-1,,1,1,1,0,0.5799999999999779,0,0,1,0,0.5799999999999779,0,0
adaptive_no_confirmation,main,adaptive,0.08,0.0,,R01,R01_390-v1.mid,e44793c8c043f7c92184c6189f5e7b1af47c202aaa6df435a76a4d26268313aa,13,4.0,2,0,2,1,0,0.0,1.889583;4.639583,0,-1,,2,1,1,1,0.6395833333333174,1,0,1,1,0.6395833333333174,1,0
adaptive_no_confirmation,main,adaptive,0.08,0.0,,R02,R02_667-v3.mid,af3cbab9e93480a553c9a217fc1abefdf3db788d071132050fca4cbfe862cdaa,8,4.0,1,0,1,0,0,0.0,4.222083,1,0,0.22208333333331076,0,0,1,0,0.22208333333331076,0,0,1,0,0.22208333333331076,0,0
adaptive_no_confirmation,main,adaptive,0.08,0.0,,R03,R03_174-v2.mid,88f11f634584a21ce30b0dc39c608cde9da43c7936400bba985f8702ecf9e962,12,3.9999999999999996,2,0,2,1,0,0.0,1.847917;4.442917,1,1,0.44291666666665686,1,0,1,1,0.44291666666665686,1,0,1,1,0.44291666666665686,1,0
adaptive_no_confirmation,main,adaptive,0.08,0.0,,R04,R04_339-v2.mid,828aff4f088b889d0715fee3e65e9243f89520710a795fa7e4b585407a7da650,9,3.817708333333333,1,0,1,0,0,0.0,4.467292,0,-1,,1,1,1,0,0.6495833333333154,0,0,1,0,0.6495833333333154,0,0
adaptive_no_confirmation,main,adaptive,0.08,0.0,,R05,R05_581.mid,766b0c79d6f6905d1c32f244469b14bf48cb861e79ceede6ac2ee1929437dcf4,13,4.0,1,0,1,0,0,0.0,4.621875,0,-1,,1,1,1,0,0.6218749999999842,0,0,1,0,0.6218749999999842,0,0
adaptive_no_confirmation,main,adaptive,0.08,0.0,,R06,R06_132-v2.mid,e1ccff44d4528b8e4af0e40bdc4699a89e46169a5a6c766acc8ac50740c17bc4,15,4.0,1,0,1,0,0,0.0,4.589792,0,-1,,1,1,1,0,0.5897916666666534,0,0,1,0,0.5897916666666534,0,0
adaptive_no_confirmation,main,adaptive,0.08,0.0,,R07,R07_664-v2.mid,d84d97d7bfa78ff716110978692047e182ce9f01efee7a44f583544e113fed69,11,4.0,2,0,2,1,0,0.0,2.765625;4.640625,0,-1,,2,1,1,1,0.640624999999984,1,0,1,1,0.640624999999984,1,0
adaptive_no_confirmation,main,adaptive,0.08,0.0,,R08,R08_266-v1.mid,a60f28e61f3323d5039cd94cdaea65c36ca0311962a73686837cf9dfdde0799d,8,4.0,1,0,1,0,0,0.0,4.285000,1,0,0.2849999999999735,0,0,1,0,0.2849999999999735,0,0,1,0,0.2849999999999735,0,0
adaptive_no_confirmation,main,adaptive,0.08,0.0,,R09,R09_433.mid,e1f859f9f55ce2a1718a88f1ce5f88ffffd035cd2ac61aeba9f71e42eb3d1658,23,4.000000000000001,1,0,1,0,0,0.0,4.452708,1,0,0.45270833333332305,0,0,1,0,0.45270833333332305,0,0,1,0,0.45270833333332305,0,0
adaptive_no_confirmation,main,adaptive,0.08,0.0,,R10,R10_039-v2.mid,25635c75dc841999c02ffb9b7d67ef21f421bef585b28e0635701689b574a8f6,11,4.000000000000001,2,0,2,1,1,0.0,3.425833;15.840208,0,-1,,2,1,0,-1,,2,1,0,-1,,2,1
adaptive_no_confirmation,main,adaptive,0.08,0.0,,R11,R11_538.mid,676637ee06573aad6e8ea80367346578ac11b8ed36c9f8ce5702eda3643830ab,20,3.921875,1,0,1,0,0,0.0,4.175833,1,0,0.2539583333333244,0,0,1,0,0.2539583333333244,0,0,1,0,0.2539583333333244,0,0
adaptive_no_confirmation,main,adaptive,0.08,0.0,,R12,R12_457.mid,151dd04bd54d11512876bab817410ae94fb81547894ff0a3b96401968101f6df,13,4.0,2,0,2,1,0,0.0,2.171250;5.581250,0,-1,,2,1,0,-1,,2,1,1,1,1.5812499999999652,1,0
adaptive_no_confirmation,main,adaptive,0.08,0.0,,R13,R13_353-v1.mid,ef59a3cdc969d70fd54c9cd52a37e30deb9772958305ace368edde9ea5afc7c3,11,4.0,2,0,2,1,0,0.0,1.704167;4.704167,0,-1,,2,1,1,1,0.7041666666666506,1,0,1,1,0.7041666666666506,1,0
adaptive_no_confirmation,main,adaptive,0.08,0.0,,R14,R14_073.mid,6014529ddd8b96a82fd599bf2e0268f5da21dad2080ba59e69de225512a58ee3,12,3.939583333333333,1,0,1,0,0,0.0,4.677708,0,-1,,1,1,1,0,0.7381249999999815,0,0,1,0,0.7381249999999815,0,0
adaptive_no_confirmation,main,adaptive,0.08,0.0,,R15,R15_156-v2.mid,d6ae647242ceff286d61867ebb06ee767c382eed20c618f7988a94d4733b7d8d,9,4.0,2,0,2,1,1,0.0,3.741875;15.906875,0,-1,,2,1,0,-1,,2,1,0,-1,,2,1
adaptive_no_confirmation,main,adaptive,0.08,0.0,,R16,R16_249.mid,32c21206c709d04269f4de5a9705ca310189a55c657a53ea8612ed3c5ac480dd,8,4.0,1,0,1,0,0,0.0,5.140625,0,-1,,1,1,0,-1,,1,1,1,0,1.140624999999968,0,0
adaptive_no_confirmation,main,adaptive,0.08,0.0,,R17,R17_319.mid,7b40b95a494f202130093514531c7232c45d539c2a7ebafe5dee64fac4bc0e7e,18,4.0,1,0,1,0,0,0.0,4.415208,1,0,0.4152083333333234,0,0,1,0,0.4152083333333234,0,0,1,0,0.4152083333333234,0,0
adaptive_no_confirmation,main,adaptive,0.08,0.0,,R18,R18_249.mid,0dc5853f595ca79ae339d76ccf661f166c739dba3b0cb0d66eeb860ef17dd7c0,9,4.0,1,0,1,0,0,0.0,4.210625,1,0,0.2106249999999772,0,0,1,0,0.2106249999999772,0,0,1,0,0.2106249999999772,0,0
adaptive_no_confirmation,main,adaptive,0.08,0.0,,R19,R19_733.mid,73dc520e4f2e19e784486fb5160d0686a1f7d90b81c9bb57b8e6478f3b2032fe,10,4.0,2,0,2,1,0,0.0,1.589583;4.189583,1,1,0.18958333333332078,1,0,1,1,0.18958333333332078,1,0,1,1,0.18958333333332078,1,0
adaptive_no_confirmation,main,adaptive,0.08,0.0,,R20,R20_660.mid,a3a01235dabd1fd09f3b7047e7b59bee8af87f41bc4456aa3e261bc412d6998a,8,3.983333333333334,1,0,1,0,0,0.0,5.292708,0,-1,,1,1,0,-1,,1,1,1,0,1.3093749999999686,0,0
adaptive_no_confirmation,main,adaptive,0.08,0.0,,R21,R21_756-v2.mid,7b479a282dd8ac5742239c1fda08a8a89a1834843d91b2b219beaa12a020ebdc,8,4.0,1,0,1,0,0,0.0,5.445625,0,-1,,1,1,0,-1,,1,1,1,0,1.445624999999966,0,0
adaptive_no_confirmation,main,adaptive,0.08,0.0,,R22,R22_156.mid,530aaba96af00f7031edd5c0b26b6a257808c3f3d7df6c3d36f325fc29229487,10,4.0,2,0,2,1,1,0.0,3.636875;15.906875,0,-1,,2,1,0,-1,,2,1,0,-1,,2,1
adaptive_no_confirmation,main,adaptive,0.08,0.0,,R23,R23_645.mid,4089adb020ffa2aa242ec57c10ef8efd9ad726c8c6bf22e335e91d65a5783ac4,12,3.9999999999999996,2,0,2,1,0,0.0,3.208958;4.413958,1,1,0.41395833333332144,1,0,1,1,0.41395833333332144,1,0,1,1,0.41395833333332144,1,0
adaptive_no_confirmation,main,adaptive,0.08,0.0,,R24,R24_242-v2.mid,5a18cae5a6fd996e3688bb05a6723665c26e561d21b88c112d65d4a6bdb51fca,15,4.000000000000001,3,0,3,2,0,0.0,1.281458;3.036458;4.436458,1,2,0.43645833333332273,2,0,1,2,0.43645833333332273,2,0,1,2,0.43645833333332273,2,0
adaptive_no_confirmation,main,adaptive,0.08,0.0,,R25,R25_618-v1.mid,56ff3fa00dc9e75c7913306f4a8cede335d24189bb8e26cfce827120f12743c7,10,4.0,2,0,2,1,0,0.0,3.031250;4.431250,1,1,0.4312499999999897,1,0,1,1,0.4312499999999897,1,0,1,1,0.4312499999999897,1,0
adaptive_no_confirmation,main,adaptive,0.08,0.0,,R26,R26_560-v1.mid,f0d0a16aff422f9a5877f2944cdd0b959b4801aa449310959626fa7dbd7a6edb,15,3.951041666666667,2,0,2,1,0,0.0,1.822917;4.467917,0,-1,,2,1,1,1,0.5168749999999864,1,0,1,1,0.5168749999999864,1,0
adaptive_no_confirmation,main,adaptive,0.08,0.0,,R27,R27_735.mid,c6fabc901af844a2236d5a2956bd48e11d7952607af238e872c0dc7f65dbaa6f,16,4.0,2,0,2,1,1,0.0,3.800625;15.925625,0,-1,,2,1,0,-1,,2,1,0,-1,,2,1
adaptive_no_confirmation,main,adaptive,0.08,0.0,,R28,R28_804-v3.mid,f2326f94ae3ec36fd956ed7a74f507c37dfaeae99fddbfc7f2cbf87414f92030,11,3.9802083333333336,2,0,2,1,0,0.0,2.631250;4.631250,0,-1,,2,1,1,1,0.651041666666651,1,0,1,1,0.651041666666651,1,0
adaptive_no_confirmation,main,adaptive,0.08,0.0,,R29,R29_846-v2.mid,b750d5ab04a7fcc02298fea281e624dbc92dd1640a17037e580bb5b845ab517b,12,4.0,2,0,2,1,0,0.0,2.622917;4.497917,1,1,0.4979166666666508,1,0,1,1,0.4979166666666508,1,0,1,1,0.4979166666666508,1,0
adaptive_no_confirmation,main,adaptive,0.08,0.0,,R30,R30_002-v2.mid,3b8c10e5c6886af05080687f0bc745791d33e73b2cec916337c1799e43024254,19,4.0,1,0,1,0,0,0.0,4.592917,0,-1,,1,1,1,0,0.5929166666666532,0,0,1,0,0.5929166666666532,0,0
adaptive_no_confirmation,main,adaptive,0.08,0.0,,R31,R31_069-v5.mid,ad5859e7014674fc2b088288d32445f60e2790c868a97bae22f5c6c6f7a9c906,10,4.0,1,0,1,0,0,0.0,4.459583,1,0,0.4595833333333106,0,0,1,0,0.4595833333333106,0,0,1,0,0.4595833333333106,0,0
adaptive_no_confirmation,main,adaptive,0.08,0.0,,R32,R32_290-v2.mid,b6d63759467030d9561098d602d2077dba3fd2e6533d64bc6401940ec9398bd7,11,4.0,3,0,3,2,0,0.0,0.716667;3.091667;4.341667,1,2,0.3416666666666561,2,0,1,2,0.3416666666666561,2,0,1,2,0.3416666666666561,2,0
adaptive_no_confirmation,main,adaptive,0.08,0.0,,R33,R33_144-v1.mid,14914529875824c38e895baf4969bc1f01031d5a20038d87474333091ce8bf16,21,4.0,1,0,1,0,0,0.0,4.418542,1,0,0.41854166666665815,0,0,1,0,0.41854166666665815,0,0,1,0,0.41854166666665815,0,0
adaptive_no_confirmation,main,adaptive,0.08,0.0,,R34,R34_680-v3.mid,193fa77f9af23482857e237a7f27c3f78c79243d9a1ffca85d491c191040a3d9,15,4.0,1,0,1,0,0,0.0,4.618750,0,-1,,1,1,1,0,0.6187499999999844,0,0,1,0,0.6187499999999844,0,0
adaptive_no_confirmation,main,adaptive,0.08,0.0,,R35,R35_436-v2.mid,0db58df01ff0e7ef7665b41a914d45f2c8da7ce346a391eafaadda58c2fbcbd1,8,3.9999999999999996,2,0,2,1,0,0.0,1.894792;4.644792,0,-1,,2,1,1,1,0.6447916666666509,1,0,1,1,0.6447916666666509,1,0
adaptive_no_confirmation,main,adaptive,0.08,0.0,,R36,R36_230.mid,292e936198ef29131aa14fa25acb693df0d1183ea1dde8ce70b941f2378a5b3c,11,4.0,2,0,2,1,0,0.0,2.072917;4.722917,0,-1,,2,1,1,1,0.7229166666666478,1,0,1,1,0.7229166666666478,1,0
adaptive_no_confirmation,main,adaptive,0.08,0.0,,R37,R37_667-v3.mid,3423caa4b45632a7f2c919a198ed678b6eb9786448d01e549dc32a5398afcf9f,7,4.0,1,0,1,0,0,0.0,5.777083,0,-1,,1,1,0,-1,,1,1,1,0,1.7770833333332936,0,0
adaptive_no_confirmation,main,adaptive,0.08,0.0,,R38,R38_136.mid,3abb38ce19d8de517c62b2014f88ea09cffbe9e6bf5ed9c01ed0c1155a8acbe5,14,4.0,2,0,2,1,0,0.0,1.295833;4.780833,0,-1,,2,1,1,1,0.7808333333333151,1,0,1,1,0.7808333333333151,1,0
adaptive_no_confirmation,main,adaptive,0.08,0.0,,R39,R39_578-v3.mid,fceb1f97ce180f42e04547ff0aa0b9478cd06770ac604a3832d919926ad92aa7,16,4.0,1,0,1,0,0,0.0,4.588958,0,-1,,1,1,1,0,0.5889583333333208,0,0,1,0,0.5889583333333208,0,0
adaptive_no_confirmation,main,adaptive,0.08,0.0,,R40,R40_454.mid,d848f11068ba98d752767ac7826bc58b93c22e9b031ee710f0fae41eccde2eec,12,3.9187499999999997,1,0,1,0,0,0.0,4.799375,0,-1,,1,1,1,0,0.8806249999999793,0,0,1,0,0.8806249999999793,0,0
adaptive_no_confirmation,main,adaptive,0.08,0.0,,P001,P001_pop909_clear_motif_melody_298_bridge.mid,8b00372060ba7b623d803e3af7e70f5ef60b65f66816ad377f725005f4c84fa9,10,4.948456,2,0,2,1,0,0.0,4.312270;5.593662,0,-1,,2,1,1,1,0.6452060479166466,1,0,1,1,0.6452060479166466,1,0
adaptive_no_confirmation,main,adaptive,0.08,0.0,,P002,P002_pop909_clear_motif_melody_248_bridge.mid,ccb942640a73e3e0122c796c0971c8f675a924861614fa62562f002ab9ef196d,10,3.478248,1,0,1,0,0,0.0,3.875315,1,0,0.39706685624998217,0,0,1,0,0.39706685624998217,0,0,1,0,0.39706685624998217,0,0
adaptive_no_confirmation,main,adaptive,0.08,0.0,,P003,P003_pop909_clear_motif_melody_339_melody.mid,628d1079f63c4bf7a08c4ee78f0765919be119f7b82f8dc3ffde83afbb2238ec,10,6.3124899,2,0,2,1,0,0.0,4.555481;7.262143,0,-1,,2,1,1,1,0.9496532583333064,1,0,1,1,0.9496532583333064,1,0
adaptive_no_confirmation,main,adaptive,0.08,0.0,,P004,P004_pop909_clear_motif_melody_268_melody.mid,e1ad81a5ae674340b836f4d87a0f82f0920845ccc4214feb28ccf9b9603f0948,10,8.0,1,0,1,0,0,0.0,8.197500,1,0,0.19750000000001755,0,0,1,0,0.19750000000001755,0,0,1,0,0.19750000000001755,0,0
adaptive_no_confirmation,main,adaptive,0.08,0.0,,P005,P005_pop909_clear_motif_melody_021_melody.mid,a1fe99526a41a4b56b5a507d209dd13d4105ef53e85d25dd53ce7e9ee5915ff3,10,4.13157275,2,0,2,1,0,0.0,2.068771;4.568503,1,1,0.43693035416665005,1,0,1,1,0.43693035416665005,1,0,1,1,0.43693035416665005,1,0
adaptive_no_confirmation,main,adaptive,0.08,0.0,,P006,P006_pop909_clear_motif_melody_220_melody.mid,81d85ebdbdb62cf3dd0eb82602b7fe26907e395242e71f5bb78ef112438b09cc,10,3.870936,3,0,3,2,0,0.0,1.890313;3.099981;4.615615,0,-1,,3,1,1,2,0.7446787749999806,2,0,1,2,0.7446787749999806,2,0
adaptive_no_confirmation,main,adaptive,0.08,0.0,,P007,P007_pop909_clear_motif_melody_273_melody.mid,b6f10983b8aa291a839fc6e5232bc1920fa3b1e354e6e03e788a7a6b17af9d59,10,6.48648,1,0,1,1,0,0.0,5.102293,0,-1,,1,1,0,-1,,1,1,0,-1,,1,1
adaptive_no_confirmation,main,adaptive,0.08,0.0,,P008,P008_pop909_clear_motif_melody_713_melody.mid,cc0088d140a0c7f748d7a717a6f796eed7338f6a4d8889e8e2eebd7fab8f8f51,10,5.454544,2,0,2,1,0,0.0,3.315284;5.974374,0,-1,,2,1,1,1,0.5198295708333198,1,0,1,1,0.5198295708333198,1,0
adaptive_no_confirmation,main,adaptive,0.08,0.0,,P009,P009_pop909_clear_motif_melody_328_melody.mid,e8885a270c794ef4d50b9e6e050e3a0d3d8301d178169d86d88126123dbf06e2,10,5.333328,2,0,2,1,0,0.0,2.074999;6.074995,0,-1,,2,1,1,1,0.7416669249999783,1,0,1,1,0.7416669249999783,1,0
adaptive_no_confirmation,main,adaptive,0.08,0.0,,P010,P010_pop909_clear_motif_melody_407_melody.mid,42e7658af7a87529d58b908a6d60cc195eeb297cdd129a98e1cb2649ce5aecce,10,6.15,1,0,1,1,0,0.0,5.365000,0,-1,,1,1,0,-1,,1,1,0,-1,,1,1
adaptive_no_confirmation,main,adaptive,0.08,0.0,,P011,P011_pop909_clear_motif_melody_119_melody.mid,896c48c32a15cf85bd286aa4436d0a697c9a91692eb0fb128687d212976619d5,10,7.272728,2,0,2,1,0,0.0,2.228182;8.592273,0,-1,,2,1,0,-1,,2,1,1,1,1.319545450000077,1,0
adaptive_no_confirmation,main,adaptive,0.08,0.0,,P012,P012_pop909_clear_motif_melody_188_melody.mid,54bf4eb2f8bff2ccd5d214afc84523384678bdefdf3145e821781182c58bc003,10,4.363632000000001,3,0,3,2,0,0.0,1.380227;3.562043;4.925678,0,-1,,3,1,1,2,0.5620457124999829,2,0,1,2,0.5620457124999829,2,0
adaptive_no_confirmation,main,adaptive,0.08,0.0,,P013,P013_pop909_expressive_rubato_203_bridge.mid,d94792fd3118efad79013d413549904951e6acf204434771004ef7b6bac68e4a,9,3.000000000000001,2,0,2,1,1,0.0,1.323958;5.073958,0,-1,,2,1,0,-1,,2,1,0,-1,,2,1
adaptive_no_confirmation,main,adaptive,0.08,0.0,,P014,P014_pop909_expressive_rubato_203_bridge.mid,d78dea53ea8b5558568755412ec7c72b704ce448c1990fbb631bad2aba3c7411,9,3.0,1,0,1,0,1,0.0,5.073958,0,-1,,1,1,0,-1,,1,1,0,-1,,1,1
adaptive_no_confirmation,main,adaptive,0.08,0.0,,P015,P015_pop909_expressive_rubato_263_bridge.mid,fdbb28e369fed211abc0a0b53b2006a331c357c454f4284639fd36961d3aac40,16,5.333328000000002,1,0,1,0,0,0.0,7.295550,0,-1,,1,1,0,-1,,1,1,1,0,1.9622223999999546,0,0
adaptive_no_confirmation,main,adaptive,0.08,0.0,,P016,P016_pop909_expressive_rubato_617_bridge.mid,37d4c7b2c4a5856f926b9e67a662ac676aa83beca73c7dfc2dd6c188e52a38a4,4,1.3348119999999997,1,0,1,0,0,0.0,3.073689,0,-1,,1,1,0,-1,,1,1,1,0,1.7388765666666293,0,0
adaptive_no_confirmation,main,adaptive,0.08,0.0,,P017,P017_pop909_expressive_rubato_178_bridge.mid,cfbf91b1d04e90e9d2e6b6f7ddd9fc480393f1166fde55646495523c989f5d8e,20,6.760552000000001,1,0,1,0,0,0.0,8.705200,0,-1,,1,1,0,-1,,1,1,1,0,1.9446482666667464,0,0
adaptive_no_confirmation,main,adaptive,0.08,0.0,,P018,P018_pop909_expressive_rubato_191_bridge.mid,b6e56889014ca3786b340c447e92d66f50ed149b21600186179487f5799f9b73,22,7.272727999999999,2,0,2,1,1,0.0,3.023712;9.715986,0,-1,,2,1,0,-1,,2,1,0,-1,,2,1
adaptive_no_confirmation,main,adaptive,0.08,0.0,,P019,P019_pop909_expressive_rubato_178_bridge.mid,51d4e82b5c0b217263d7a849828b0f05a8411876b0a87f85f4c175bf27767739,20,6.760551999999999,3,0,3,2,0,0.0,1.254717;6.059782;7.381468,0,-1,,3,1,1,2,0.6209155166666536,2,0,1,2,0.6209155166666536,2,0
adaptive_no_confirmation,main,adaptive,0.08,0.0,,P020,P020_pop909_expressive_rubato_212_bridge.mid,6f5eee7b1684521d31dac9b4e36649e423a8ce813df0a5f142967525e2bf2e17,17,5.783128,2,0,2,1,0,0.0,4.093793;6.550357,0,-1,,2,1,1,1,0.76722916458331,1,0,1,1,0.76722916458331,1,0
adaptive_no_confirmation,main,adaptive,0.08,0.0,,P021,P021_pop909_chord_arpeggio_polyphonic_227_piano.mid,41b21fee0bca14bd00917fcf3d879b2fcebb9856fef2228a36e0b912e58444c9,18,7.1641759999999985,1,0,1,0,0,0.0,8.326340,0,-1,,1,1,0,-1,,1,1,1,0,1.1621642583333633,0,0
adaptive_no_confirmation,main,adaptive,0.08,0.0,,P022,P022_pop909_chord_arpeggio_polyphonic_003_piano.mid,ea9963c2ef0400f7458ed0b378c21cc36273462aabccb9685efcd21625bbdcfd,19,2.9268239999999985,1,0,1,0,0,0.0,3.551763,0,-1,,1,1,1,0,0.6249393124999836,0,0,1,0,0.6249393124999836,0,0
adaptive_no_confirmation,main,adaptive,0.08,0.0,,P023,P023_pop909_chord_arpeggio_polyphonic_222_piano.mid,bddeab49734bbbb17982dc09bdfaac6a8c2e1a112b7fd3464c5e7c9deadcfc94,19,6.1538400000000015,1,0,1,0,0,0.0,7.140507,0,-1,,1,1,1,0,0.9866669999999722,0,0,1,0,0.9866669999999722,0,0
adaptive_no_confirmation,main,adaptive,0.08,0.0,,P024,P024_pop909_chord_arpeggio_polyphonic_287_piano.mid,ec7a6fe844d8678913cee3e05d68bc85d02d45d316e498dcfe79e58c814953c2,26,6.9347729000000005,1,0,1,0,0,0.0,8.867672,0,-1,,1,1,0,-1,,1,1,1,0,1.932899491666765,0,0
adaptive_no_confirmation,main,adaptive,0.08,0.0,,P025,P025_pop909_chord_arpeggio_polyphonic_566_piano.mid,52dae62297b7cdeff27e0bea0925c8bebbbb999e9935efba566c8ffc51c206e8,22,5.783128,1,0,1,0,0,0.0,6.687405,0,-1,,1,1,1,0,0.9042772499999767,0,0,1,0,0.9042772499999767,0,0
adaptive_no_confirmation,main,adaptive,0.08,0.0,,P026,P026_pop909_chord_arpeggio_polyphonic_106_piano.mid,5a21694b1c7abc6be7e5c6ee6dd6611dbca54dacb44c602d9f7dc226f5eaad89,28,7.1641759999999985,1,0,1,0,0,0.0,8.387907,0,-1,,1,1,0,-1,,1,1,1,0,1.223731395833373,0,0
adaptive_no_confirmation,main,adaptive,0.08,0.0,,P027,P027_pop909_chord_arpeggio_polyphonic_218_piano.mid,3d2716434e914a4c1b7b0fee64a762d631c9eb844e328c4f880eb95f36c370a6,32,7.0588159999999975,1,0,1,0,0,0.0,7.802198,0,-1,,1,1,1,0,0.7433824666666489,0,0,1,0,0.7433824666666489,0,0
adaptive_no_confirmation,main,adaptive,0.08,0.0,,P028,P028_pop909_chord_arpeggio_polyphonic_242_piano.mid,cd5c6e16ed3247ea34a6331d4c2e4dd980c5793b2def6bf2d11ae3b4d6d7560e,27,7.868856,1,0,1,0,0,0.0,8.871069,0,-1,,1,1,0,-1,,1,1,1,0,1.0022130437501309,0,0
adaptive_no_confirmation,main,adaptive,0.08,0.0,,P029,P029_pop909_sparse_short_062_melody.mid,de331be603af62c8ecaeb6b4de4413d0dfe0f3c4a24efa36a90905ae0bb82a26,3,3.24324,1,0,1,0,0,0.0,4.345268,0,-1,,1,1,0,-1,,1,1,1,0,1.1020277499999613,0,0
adaptive_no_confirmation,main,adaptive,0.08,0.0,,P030,P030_pop909_sparse_short_062_melody.mid,f2c561cfdf3ae696074a8292cfd9b6e91d18a740bb99c9c5ad4661e2b5225717,3,2.12837625,1,0,1,1,0,0.0,1.103243,0,-1,,1,1,0,-1,,1,1,0,-1,,1,1
adaptive_no_confirmation,main,adaptive,0.08,0.0,,P031,P031_pop909_sparse_short_062_melody.mid,113bb580ca65ca779549df831e3b90b62932fe9eb9935891172b6636ee9e6079,3,3.24324,1,0,1,0,0,0.0,4.345268,0,-1,,1,1,0,-1,,1,1,1,0,1.1020277499999613,0,0
adaptive_no_confirmation,main,adaptive,0.08,0.0,,P032,P032_pop909_sparse_short_062_melody.mid,2638d2ec8832338b8f57a7147f9874c863c36279707599ffbd8782269c399746,3,3.24324,1,0,1,0,0,0.0,4.345268,0,-1,,1,1,0,-1,,1,1,1,0,1.1020277499999613,0,0
adaptive_no_confirmation,main,adaptive,0.08,0.0,,P033,P033_pop909_sparse_short_062_melody.mid,dcf51fe0bedf2f9e1acede760976dcde4a78650e163ec3c6ce86d970b4cc65c3,3,3.24324,1,0,1,0,0,0.0,4.345268,0,-1,,1,1,0,-1,,1,1,1,0,1.1020277499999613,0,0
adaptive_no_confirmation,main,adaptive,0.08,0.0,,P034,P034_pop909_dense_fast_095_bridge.mid,1eec4634489ebc2145d5d07f86a58778c994982c97d2dd5704238989cafe8164,49,1.7610275333333312,1,0,1,0,0,0.0,2.010807,1,0,0.24977943333332764,0,0,1,0,0.24977943333332764,0,0,1,0,0.24977943333332764,0,0
adaptive_no_confirmation,main,adaptive,0.08,0.0,,P035,P035_pop909_dense_fast_351_bridge.mid,cce631ae36062ea5c6c5856ce61c72dee517b0d26fc59e569c45986becb91fa5,28,1.0351939999999993,1,0,1,0,0,0.0,1.247946,1,0,0.21275208541666135,0,0,1,0,0.21275208541666135,0,0,1,0,0.21275208541666135,0,0
adaptive_no_confirmation,main,adaptive,0.08,0.0,,P036,P036_pop909_dense_fast_095_bridge.mid,8d7b860e3c98cfc78be2b1d435ac9d52da48b3df427707b2c9dc6e28266f4b58,38,1.6801452666666645,1,0,1,0,0,0.0,1.937572,1,0,0.257426499999994,0,0,1,0,0.257426499999994,0,0,1,0,0.257426499999994,0,0
adaptive_no_confirmation,main,adaptive,0.08,0.0,,P037,P037_pop909_dense_fast_095_bridge.mid,14ee870cca3317109b67f85cc0241e6678d38b8efed31130577d8d722e145a58,30,0.7977932666666666,1,0,1,0,0,0.0,1.045220,1,0,0.24742649999999922,0,0,1,0,0.24742649999999922,0,0,1,0,0.24742649999999922,0,0
adaptive_no_confirmation,main,adaptive,0.08,0.0,,P038,P038_pop909_dense_fast_727_bridge.mid,4cec022a9c9e7dd2ec868ae3124b7089c195126defe23b8a3d440d2c7bbaf873,45,1.2854942770833329,1,0,1,0,0,0.0,1.533828,1,0,0.24833331874999387,0,0,1,0,0.24833331874999387,0,0,1,0,0.24833331874999387,0,0
adaptive_no_confirmation,main,adaptive,0.08,0.0,,P039,P039_pop909_chromatic_outside_789_piano.mid,89dc01789fe23c4372b236cc806e6567b05346295e667c74639aa4642a3e304b,16,7.272728,1,0,1,0,0,0.0,9.147879,0,-1,,1,1,0,-1,,1,1,1,0,1.8751513916668037,0,0
adaptive_no_confirmation,main,adaptive,0.08,0.0,,P040,P040_pop909_chromatic_outside_064_piano.mid,76f70f424a678deaed9e02ef3b85db1c47a828b39689b0fb75fd6c5cd5f84a3f,23,7.562499999999999,1,0,1,0,0,0.0,7.533333,1,0,-0.029166666666682772,0,0,1,0,-0.029166666666682772,0,0,1,0,-0.029166666666682772,0,0
adaptive_no_confirmation,main,adaptive,0.08,0.0,,P041,P041_pop909_chromatic_outside_796_piano.mid,5313ed35276167210c99ca9b0d50773ad1c5a71997072b20b1653efba88eb36f,20,6.486488,1,0,1,0,0,0.0,7.581556,0,-1,,1,1,0,-1,,1,1,1,0,1.0950675395833072,0,0
adaptive_no_confirmation,main,adaptive,0.08,0.0,,P042,P042_pop909_chromatic_outside_254_piano.mid,dfb97d893bd303a0043e98fe7c14dc376233ce114864c10be992cad37ef88538,24,3.3027539999999993,1,0,1,0,0,0.0,3.966791,0,-1,,1,1,1,0,0.6640365520833131,0,0,1,0,0.6640365520833131,0,0
adaptive_no_confirmation,main,adaptive,0.08,0.0,,P043,P043_pop909_chromatic_outside_311_bridge.mid,8bb993a52d683a9b093e77f22d9fa6d3df633472edafb5a0056e4e19b5852902,14,7.5,3,0,3,2,0,0.0,2.025937;5.775937;8.275938,0,-1,,3,1,1,2,0.7759375000000297,2,0,1,2,0.7759375000000297,2,0
adaptive_no_confirmation,main,adaptive,0.08,0.0,,P044,P044_pop909_false_ending_pause_322_bridge.mid,92fa6bc714e6881f40bd275254b082416486b9d155453539c6e2e9cce641a65c,7,4.633333333333333,1,0,1,0,0,0.0,4.587500,1,0,-0.04583333333336448,0,0,1,0,-0.04583333333336448,0,0,1,0,-0.04583333333336448,0,0
adaptive_no_confirmation,main,adaptive,0.08,0.0,,P045,P045_pop909_false_ending_pause_008_bridge.mid,28ee69826748317d665163811014939ed01825addd8f2c9505d27364a6b4adc8,7,4.876923483333333,2,0,2,2,0,0.0,2.049615;4.415769,0,-1,,2,1,0,-1,,2,1,0,-1,,2,1
adaptive_no_confirmation,main,adaptive,0.08,0.0,,P046,P046_pop909_false_ending_pause_253_bridge.mid,0e6ab6a38b763c541fa954510aaf319efab974b676865fe44aaa2c2338435f50,7,5.9943121875,2,0,2,1,1,0.0,2.275226;8.266132,0,-1,,2,1,0,-1,,2,1,0,-1,,2,1
adaptive_no_confirmation,main,adaptive,0.08,0.0,,P047,P047_pop909_false_ending_pause_396_melody.mid,45f3dedbc0915a84ff315fcf7040e15383bbafbc739845cd8f4e4db11fbe1207,7,3.8673180812499997,1,0,1,1,0,0.0,3.387681,0,-1,,1,1,0,-1,,1,1,0,-1,,1,1
adaptive_no_confirmation,main,adaptive,0.08,0.0,,P048,P048_pop909_repetition_tail_234_bridge.mid,8edaf0b3c05cb78569d9801754c34b780426e21b3654154ff150d50ac4c12b59,8,4.000000000000001,2,0,2,1,0,0.0,2.856250;4.606250,0,-1,,2,1,1,1,0.6062499999999842,1,0,1,1,0.6062499999999842,1,0
adaptive_no_confirmation,main,adaptive,0.08,0.0,,P049,P049_pop909_repetition_tail_282_bridge.mid,b5bf7675db361f16e2641027f14dbd38a665a77edf6ca030a9254be54ddab400,8,5.691775224999999,1,0,1,0,0,0.0,6.941159,0,-1,,1,1,0,-1,,1,1,1,0,1.2493838916666329,0,0
adaptive_no_confirmation,main,adaptive,0.08,0.0,,P050,P050_pop909_repetition_tail_340_bridge.mid,92dfb3e992339ebac2e7204e10ece5a799d2ae91faeb4c2a0ff6f5611e0bfbac,8,5.245888,2,0,2,1,0,0.0,3.672151;6.271161,0,-1,,2,1,0,-1,,2,1,1,1,1.0252734833333097,1,0
adaptive_neither,main,adaptive,0.0,0.0,,A01,A01_c_pentatonic_balanced.mid,e7a1620ba70d4372e998376d91e2f55590448a9cf5878e969a0f70d410659845,14,4.8,1,0,1,0,0,0.0,5.315000,0,-1,,1,1,1,0,0.5149999999999793,0,0,1,0,0.5149999999999793,0,0
adaptive_neither,main,adaptive,0.0,0.0,,A02,A02_a_minor_pentatonic_question.mid,5166d8996017b0341f9265fc4539b25d09211f1cc291b1e25a4623e68b1bbc0e,12,5.054348499999999,1,0,1,0,0,0.0,5.592174,0,-1,,1,1,1,0,0.537825999999975,0,0,1,0,0.537825999999975,0,0
adaptive_neither,main,adaptive,0.0,0.0,,A03,A03_a_blues_tension.mid,1c61cef65142077e0ea54a46832f15bf535a35b23c920ee8e40193b877467fd4,13,4.166669999999999,1,0,1,0,0,0.0,4.566114,1,0,0.39944399999998037,0,0,1,0,0.39944399999998037,0,0,1,0,0.39944399999998037,0,0
adaptive_neither,main,adaptive,0.0,0.0,,A04,A04_classical_antecedent.mid,3b1b42414601831b09678bb49b714e6512be53f451a517170b48c6c3addb07f1,10,4.6499999999999995,1,0,1,0,0,0.0,5.270000,0,-1,,1,1,1,0,0.6199999999999743,0,0,1,0,0.6199999999999743,0,0
adaptive_neither,main,adaptive,0.0,0.0,,A05,A05_repetition_tail.mid,c615435e6cf9b0af8c8e4a2d9b7f28ccef90f4cc20ddffc10e23c15ec2296b28,12,4.182691749999999,2,0,2,1,0,0.0,2.884230;4.330769,1,1,0.1480769999999847,1,0,1,1,0.1480769999999847,1,0,1,1,0.1480769999999847,1,0
adaptive_neither,main,adaptive,0.0,0.0,,A06,A06_syncopated_pop.mid,25a2a2e4aea59cacc8434b36ae5173bd34aaa66ee7eec8c2e460f3f72addaf0e,12,4.3867945,1,0,1,0,0,0.0,5.163775,0,-1,,1,1,1,0,0.776980999999977,0,0,1,0,0.776980999999977,0,0
adaptive_neither,main,adaptive,0.0,0.0,,A07,A07_sparse_long_tones.mid,fb6faee9d721a971b5d6388dc979e5a15c26d45366bfef7ade9a8f82eec3358d,6,5.454543999999999,1,0,1,0,1,0.0,7.632726,0,-1,,1,1,0,-1,,1,1,0,-1,,1,1
adaptive_neither,main,adaptive,0.0,0.0,,A08,A08_dense_eighth_motion.mid,48faeb92585381b6928f2dc31a3119ec234d815efc25ec9d1ba67538fc3f6b41,16,4.285712000000002,1,0,1,0,0,0.0,4.822855,0,-1,,1,1,1,0,0.5371429999999826,0,0,1,0,0.5371429999999826,0,0
adaptive_neither,main,adaptive,0.0,0.0,,A09,A09_arched_contour.mid,91acd677fdf9a30e64f3584796b5fc38d648b1ddf3785f4d6a6445102c15ee7c,11,4.6875,1,0,1,0,0,0.0,5.337500,0,-1,,1,1,1,0,0.6499999999999728,0,0,1,0,0.6499999999999728,0,0
adaptive_neither,main,adaptive,0.0,0.0,,A10,A10_leap_gap_fill.mid,6639c3bceab3644ea59e759d1e92e76bcc9a082b5edaea30893d44682f7f3a97,13,4.6499999999999995,1,0,1,0,0,0.0,5.230000,0,-1,,1,1,1,0,0.5799999999999779,0,0,1,0,0.5799999999999779,0,0
adaptive_neither,main,adaptive,0.0,0.0,,R01,R01_390-v1.mid,e44793c8c043f7c92184c6189f5e7b1af47c202aaa6df435a76a4d26268313aa,13,4.0,2,0,2,1,0,0.0,1.889583;4.639583,0,-1,,2,1,1,1,0.6395833333333174,1,0,1,1,0.6395833333333174,1,0
adaptive_neither,main,adaptive,0.0,0.0,,R02,R02_667-v3.mid,af3cbab9e93480a553c9a217fc1abefdf3db788d071132050fca4cbfe862cdaa,8,4.0,1,0,1,0,0,0.0,4.222083,1,0,0.22208333333331076,0,0,1,0,0.22208333333331076,0,0,1,0,0.22208333333331076,0,0
adaptive_neither,main,adaptive,0.0,0.0,,R03,R03_174-v2.mid,88f11f634584a21ce30b0dc39c608cde9da43c7936400bba985f8702ecf9e962,12,3.9999999999999996,2,0,2,1,0,0.0,1.847917;4.442917,1,1,0.44291666666665686,1,0,1,1,0.44291666666665686,1,0,1,1,0.44291666666665686,1,0
adaptive_neither,main,adaptive,0.0,0.0,,R04,R04_339-v2.mid,828aff4f088b889d0715fee3e65e9243f89520710a795fa7e4b585407a7da650,9,3.817708333333333,1,0,1,0,0,0.0,4.467292,0,-1,,1,1,1,0,0.6495833333333154,0,0,1,0,0.6495833333333154,0,0
adaptive_neither,main,adaptive,0.0,0.0,,R05,R05_581.mid,766b0c79d6f6905d1c32f244469b14bf48cb861e79ceede6ac2ee1929437dcf4,13,4.0,1,0,1,0,0,0.0,4.621875,0,-1,,1,1,1,0,0.6218749999999842,0,0,1,0,0.6218749999999842,0,0
adaptive_neither,main,adaptive,0.0,0.0,,R06,R06_132-v2.mid,e1ccff44d4528b8e4af0e40bdc4699a89e46169a5a6c766acc8ac50740c17bc4,15,4.0,1,0,1,0,0,0.0,4.589792,0,-1,,1,1,1,0,0.5897916666666534,0,0,1,0,0.5897916666666534,0,0
adaptive_neither,main,adaptive,0.0,0.0,,R07,R07_664-v2.mid,d84d97d7bfa78ff716110978692047e182ce9f01efee7a44f583544e113fed69,11,4.0,2,0,2,1,0,0.0,2.765625;4.640625,0,-1,,2,1,1,1,0.640624999999984,1,0,1,1,0.640624999999984,1,0
adaptive_neither,main,adaptive,0.0,0.0,,R08,R08_266-v1.mid,a60f28e61f3323d5039cd94cdaea65c36ca0311962a73686837cf9dfdde0799d,8,4.0,1,0,1,0,0,0.0,4.285000,1,0,0.2849999999999735,0,0,1,0,0.2849999999999735,0,0,1,0,0.2849999999999735,0,0
adaptive_neither,main,adaptive,0.0,0.0,,R09,R09_433.mid,e1f859f9f55ce2a1718a88f1ce5f88ffffd035cd2ac61aeba9f71e42eb3d1658,23,4.000000000000001,1,0,1,0,0,0.0,4.452708,1,0,0.45270833333332305,0,0,1,0,0.45270833333332305,0,0,1,0,0.45270833333332305,0,0
adaptive_neither,main,adaptive,0.0,0.0,,R10,R10_039-v2.mid,25635c75dc841999c02ffb9b7d67ef21f421bef585b28e0635701689b574a8f6,11,4.000000000000001,2,0,2,1,1,0.0,3.425833;15.840208,0,-1,,2,1,0,-1,,2,1,0,-1,,2,1
adaptive_neither,main,adaptive,0.0,0.0,,R11,R11_538.mid,676637ee06573aad6e8ea80367346578ac11b8ed36c9f8ce5702eda3643830ab,20,3.921875,1,0,1,0,0,0.0,4.175833,1,0,0.2539583333333244,0,0,1,0,0.2539583333333244,0,0,1,0,0.2539583333333244,0,0
adaptive_neither,main,adaptive,0.0,0.0,,R12,R12_457.mid,151dd04bd54d11512876bab817410ae94fb81547894ff0a3b96401968101f6df,13,4.0,2,0,2,1,0,0.0,2.171250;5.581250,0,-1,,2,1,0,-1,,2,1,1,1,1.5812499999999652,1,0
adaptive_neither,main,adaptive,0.0,0.0,,R13,R13_353-v1.mid,ef59a3cdc969d70fd54c9cd52a37e30deb9772958305ace368edde9ea5afc7c3,11,4.0,2,0,2,1,0,0.0,1.704167;4.704167,0,-1,,2,1,1,1,0.7041666666666506,1,0,1,1,0.7041666666666506,1,0
adaptive_neither,main,adaptive,0.0,0.0,,R14,R14_073.mid,6014529ddd8b96a82fd599bf2e0268f5da21dad2080ba59e69de225512a58ee3,12,3.939583333333333,1,0,1,0,0,0.0,4.677708,0,-1,,1,1,1,0,0.7381249999999815,0,0,1,0,0.7381249999999815,0,0
adaptive_neither,main,adaptive,0.0,0.0,,R15,R15_156-v2.mid,d6ae647242ceff286d61867ebb06ee767c382eed20c618f7988a94d4733b7d8d,9,4.0,2,0,2,1,1,0.0,3.741875;15.906875,0,-1,,2,1,0,-1,,2,1,0,-1,,2,1
adaptive_neither,main,adaptive,0.0,0.0,,R16,R16_249.mid,32c21206c709d04269f4de5a9705ca310189a55c657a53ea8612ed3c5ac480dd,8,4.0,1,0,1,0,0,0.0,5.140625,0,-1,,1,1,0,-1,,1,1,1,0,1.140624999999968,0,0
adaptive_neither,main,adaptive,0.0,0.0,,R17,R17_319.mid,7b40b95a494f202130093514531c7232c45d539c2a7ebafe5dee64fac4bc0e7e,18,4.0,1,0,1,0,0,0.0,4.415208,1,0,0.4152083333333234,0,0,1,0,0.4152083333333234,0,0,1,0,0.4152083333333234,0,0
adaptive_neither,main,adaptive,0.0,0.0,,R18,R18_249.mid,0dc5853f595ca79ae339d76ccf661f166c739dba3b0cb0d66eeb860ef17dd7c0,9,4.0,1,0,1,0,0,0.0,4.210625,1,0,0.2106249999999772,0,0,1,0,0.2106249999999772,0,0,1,0,0.2106249999999772,0,0
adaptive_neither,main,adaptive,0.0,0.0,,R19,R19_733.mid,73dc520e4f2e19e784486fb5160d0686a1f7d90b81c9bb57b8e6478f3b2032fe,10,4.0,2,0,2,1,0,0.0,1.589583;4.189583,1,1,0.18958333333332078,1,0,1,1,0.18958333333332078,1,0,1,1,0.18958333333332078,1,0
adaptive_neither,main,adaptive,0.0,0.0,,R20,R20_660.mid,a3a01235dabd1fd09f3b7047e7b59bee8af87f41bc4456aa3e261bc412d6998a,8,3.983333333333334,1,0,1,0,0,0.0,5.292708,0,-1,,1,1,0,-1,,1,1,1,0,1.3093749999999686,0,0
adaptive_neither,main,adaptive,0.0,0.0,,R21,R21_756-v2.mid,7b479a282dd8ac5742239c1fda08a8a89a1834843d91b2b219beaa12a020ebdc,8,4.0,1,0,1,0,0,0.0,5.445625,0,-1,,1,1,0,-1,,1,1,1,0,1.445624999999966,0,0
adaptive_neither,main,adaptive,0.0,0.0,,R22,R22_156.mid,530aaba96af00f7031edd5c0b26b6a257808c3f3d7df6c3d36f325fc29229487,10,4.0,2,0,2,1,1,0.0,3.636875;15.906875,0,-1,,2,1,0,-1,,2,1,0,-1,,2,1
adaptive_neither,main,adaptive,0.0,0.0,,R23,R23_645.mid,4089adb020ffa2aa242ec57c10ef8efd9ad726c8c6bf22e335e91d65a5783ac4,12,3.9999999999999996,2,0,2,1,0,0.0,3.208958;4.413958,1,1,0.41395833333332144,1,0,1,1,0.41395833333332144,1,0,1,1,0.41395833333332144,1,0
adaptive_neither,main,adaptive,0.0,0.0,,R24,R24_242-v2.mid,5a18cae5a6fd996e3688bb05a6723665c26e561d21b88c112d65d4a6bdb51fca,15,4.000000000000001,3,0,3,2,0,0.0,1.281458;3.036458;4.436458,1,2,0.43645833333332273,2,0,1,2,0.43645833333332273,2,0,1,2,0.43645833333332273,2,0
adaptive_neither,main,adaptive,0.0,0.0,,R25,R25_618-v1.mid,56ff3fa00dc9e75c7913306f4a8cede335d24189bb8e26cfce827120f12743c7,10,4.0,2,0,2,1,0,0.0,3.031250;4.431250,1,1,0.4312499999999897,1,0,1,1,0.4312499999999897,1,0,1,1,0.4312499999999897,1,0
adaptive_neither,main,adaptive,0.0,0.0,,R26,R26_560-v1.mid,f0d0a16aff422f9a5877f2944cdd0b959b4801aa449310959626fa7dbd7a6edb,15,3.951041666666667,2,0,2,1,0,0.0,1.822917;4.467917,0,-1,,2,1,1,1,0.5168749999999864,1,0,1,1,0.5168749999999864,1,0
adaptive_neither,main,adaptive,0.0,0.0,,R27,R27_735.mid,c6fabc901af844a2236d5a2956bd48e11d7952607af238e872c0dc7f65dbaa6f,16,4.0,2,0,2,1,1,0.0,3.800625;15.925625,0,-1,,2,1,0,-1,,2,1,0,-1,,2,1
adaptive_neither,main,adaptive,0.0,0.0,,R28,R28_804-v3.mid,f2326f94ae3ec36fd956ed7a74f507c37dfaeae99fddbfc7f2cbf87414f92030,11,3.9802083333333336,2,0,2,1,0,0.0,2.631250;4.631250,0,-1,,2,1,1,1,0.651041666666651,1,0,1,1,0.651041666666651,1,0
adaptive_neither,main,adaptive,0.0,0.0,,R29,R29_846-v2.mid,b750d5ab04a7fcc02298fea281e624dbc92dd1640a17037e580bb5b845ab517b,12,4.0,2,0,2,1,0,0.0,2.622917;4.497917,1,1,0.4979166666666508,1,0,1,1,0.4979166666666508,1,0,1,1,0.4979166666666508,1,0
adaptive_neither,main,adaptive,0.0,0.0,,R30,R30_002-v2.mid,3b8c10e5c6886af05080687f0bc745791d33e73b2cec916337c1799e43024254,19,4.0,1,0,1,0,0,0.0,4.592917,0,-1,,1,1,1,0,0.5929166666666532,0,0,1,0,0.5929166666666532,0,0
adaptive_neither,main,adaptive,0.0,0.0,,R31,R31_069-v5.mid,ad5859e7014674fc2b088288d32445f60e2790c868a97bae22f5c6c6f7a9c906,10,4.0,1,0,1,0,0,0.0,4.459583,1,0,0.4595833333333106,0,0,1,0,0.4595833333333106,0,0,1,0,0.4595833333333106,0,0
adaptive_neither,main,adaptive,0.0,0.0,,R32,R32_290-v2.mid,b6d63759467030d9561098d602d2077dba3fd2e6533d64bc6401940ec9398bd7,11,4.0,3,0,3,2,0,0.0,0.716667;3.091667;4.341667,1,2,0.3416666666666561,2,0,1,2,0.3416666666666561,2,0,1,2,0.3416666666666561,2,0
adaptive_neither,main,adaptive,0.0,0.0,,R33,R33_144-v1.mid,14914529875824c38e895baf4969bc1f01031d5a20038d87474333091ce8bf16,21,4.0,1,0,1,0,0,0.0,4.418542,1,0,0.41854166666665815,0,0,1,0,0.41854166666665815,0,0,1,0,0.41854166666665815,0,0
adaptive_neither,main,adaptive,0.0,0.0,,R34,R34_680-v3.mid,193fa77f9af23482857e237a7f27c3f78c79243d9a1ffca85d491c191040a3d9,15,4.0,1,0,1,0,0,0.0,4.618750,0,-1,,1,1,1,0,0.6187499999999844,0,0,1,0,0.6187499999999844,0,0
adaptive_neither,main,adaptive,0.0,0.0,,R35,R35_436-v2.mid,0db58df01ff0e7ef7665b41a914d45f2c8da7ce346a391eafaadda58c2fbcbd1,8,3.9999999999999996,2,0,2,1,0,0.0,1.894792;4.644792,0,-1,,2,1,1,1,0.6447916666666509,1,0,1,1,0.6447916666666509,1,0
adaptive_neither,main,adaptive,0.0,0.0,,R36,R36_230.mid,292e936198ef29131aa14fa25acb693df0d1183ea1dde8ce70b941f2378a5b3c,11,4.0,2,0,2,1,0,0.0,2.072917;4.722917,0,-1,,2,1,1,1,0.7229166666666478,1,0,1,1,0.7229166666666478,1,0
adaptive_neither,main,adaptive,0.0,0.0,,R37,R37_667-v3.mid,3423caa4b45632a7f2c919a198ed678b6eb9786448d01e549dc32a5398afcf9f,7,4.0,1,0,1,0,0,0.0,5.777083,0,-1,,1,1,0,-1,,1,1,1,0,1.7770833333332936,0,0
adaptive_neither,main,adaptive,0.0,0.0,,R38,R38_136.mid,3abb38ce19d8de517c62b2014f88ea09cffbe9e6bf5ed9c01ed0c1155a8acbe5,14,4.0,2,0,2,1,0,0.0,1.295833;4.780833,0,-1,,2,1,1,1,0.7808333333333151,1,0,1,1,0.7808333333333151,1,0
adaptive_neither,main,adaptive,0.0,0.0,,R39,R39_578-v3.mid,fceb1f97ce180f42e04547ff0aa0b9478cd06770ac604a3832d919926ad92aa7,16,4.0,1,0,1,0,0,0.0,4.588958,0,-1,,1,1,1,0,0.5889583333333208,0,0,1,0,0.5889583333333208,0,0
adaptive_neither,main,adaptive,0.0,0.0,,R40,R40_454.mid,d848f11068ba98d752767ac7826bc58b93c22e9b031ee710f0fae41eccde2eec,12,3.9187499999999997,1,0,1,0,0,0.0,4.799375,0,-1,,1,1,1,0,0.8806249999999793,0,0,1,0,0.8806249999999793,0,0
adaptive_neither,main,adaptive,0.0,0.0,,P001,P001_pop909_clear_motif_melody_298_bridge.mid,8b00372060ba7b623d803e3af7e70f5ef60b65f66816ad377f725005f4c84fa9,10,4.948456,2,0,2,1,0,0.0,4.312270;5.593662,0,-1,,2,1,1,1,0.6452060479166466,1,0,1,1,0.6452060479166466,1,0
adaptive_neither,main,adaptive,0.0,0.0,,P002,P002_pop909_clear_motif_melody_248_bridge.mid,ccb942640a73e3e0122c796c0971c8f675a924861614fa62562f002ab9ef196d,10,3.478248,1,0,1,0,0,0.0,3.875315,1,0,0.39706685624998217,0,0,1,0,0.39706685624998217,0,0,1,0,0.39706685624998217,0,0
adaptive_neither,main,adaptive,0.0,0.0,,P003,P003_pop909_clear_motif_melody_339_melody.mid,628d1079f63c4bf7a08c4ee78f0765919be119f7b82f8dc3ffde83afbb2238ec,10,6.3124899,2,0,2,1,0,0.0,4.555481;7.262143,0,-1,,2,1,1,1,0.9496532583333064,1,0,1,1,0.9496532583333064,1,0
adaptive_neither,main,adaptive,0.0,0.0,,P004,P004_pop909_clear_motif_melody_268_melody.mid,e1ad81a5ae674340b836f4d87a0f82f0920845ccc4214feb28ccf9b9603f0948,10,8.0,1,0,1,0,0,0.0,8.197500,1,0,0.19750000000001755,0,0,1,0,0.19750000000001755,0,0,1,0,0.19750000000001755,0,0
adaptive_neither,main,adaptive,0.0,0.0,,P005,P005_pop909_clear_motif_melody_021_melody.mid,a1fe99526a41a4b56b5a507d209dd13d4105ef53e85d25dd53ce7e9ee5915ff3,10,4.13157275,2,0,2,1,0,0.0,2.068771;4.568503,1,1,0.43693035416665005,1,0,1,1,0.43693035416665005,1,0,1,1,0.43693035416665005,1,0
adaptive_neither,main,adaptive,0.0,0.0,,P006,P006_pop909_clear_motif_melody_220_melody.mid,81d85ebdbdb62cf3dd0eb82602b7fe26907e395242e71f5bb78ef112438b09cc,10,3.870936,3,0,3,2,0,0.0,1.890313;3.099981;4.615615,0,-1,,3,1,1,2,0.7446787749999806,2,0,1,2,0.7446787749999806,2,0
adaptive_neither,main,adaptive,0.0,0.0,,P007,P007_pop909_clear_motif_melody_273_melody.mid,b6f10983b8aa291a839fc6e5232bc1920fa3b1e354e6e03e788a7a6b17af9d59,10,6.48648,1,0,1,1,0,0.0,5.102293,0,-1,,1,1,0,-1,,1,1,0,-1,,1,1
adaptive_neither,main,adaptive,0.0,0.0,,P008,P008_pop909_clear_motif_melody_713_melody.mid,cc0088d140a0c7f748d7a717a6f796eed7338f6a4d8889e8e2eebd7fab8f8f51,10,5.454544,2,0,2,1,0,0.0,3.315284;5.974374,0,-1,,2,1,1,1,0.5198295708333198,1,0,1,1,0.5198295708333198,1,0
adaptive_neither,main,adaptive,0.0,0.0,,P009,P009_pop909_clear_motif_melody_328_melody.mid,e8885a270c794ef4d50b9e6e050e3a0d3d8301d178169d86d88126123dbf06e2,10,5.333328,2,0,2,1,0,0.0,2.074999;6.074995,0,-1,,2,1,1,1,0.7416669249999783,1,0,1,1,0.7416669249999783,1,0
adaptive_neither,main,adaptive,0.0,0.0,,P010,P010_pop909_clear_motif_melody_407_melody.mid,42e7658af7a87529d58b908a6d60cc195eeb297cdd129a98e1cb2649ce5aecce,10,6.15,1,0,1,1,0,0.0,5.365000,0,-1,,1,1,0,-1,,1,1,0,-1,,1,1
adaptive_neither,main,adaptive,0.0,0.0,,P011,P011_pop909_clear_motif_melody_119_melody.mid,896c48c32a15cf85bd286aa4436d0a697c9a91692eb0fb128687d212976619d5,10,7.272728,2,0,2,1,0,0.0,2.228182;8.592273,0,-1,,2,1,0,-1,,2,1,1,1,1.319545450000077,1,0
adaptive_neither,main,adaptive,0.0,0.0,,P012,P012_pop909_clear_motif_melody_188_melody.mid,54bf4eb2f8bff2ccd5d214afc84523384678bdefdf3145e821781182c58bc003,10,4.363632000000001,3,0,3,2,0,0.0,1.380227;3.562043;4.925678,0,-1,,3,1,1,2,0.5620457124999829,2,0,1,2,0.5620457124999829,2,0
adaptive_neither,main,adaptive,0.0,0.0,,P013,P013_pop909_expressive_rubato_203_bridge.mid,d94792fd3118efad79013d413549904951e6acf204434771004ef7b6bac68e4a,9,3.000000000000001,2,0,2,1,1,0.0,1.323958;5.073958,0,-1,,2,1,0,-1,,2,1,0,-1,,2,1
adaptive_neither,main,adaptive,0.0,0.0,,P014,P014_pop909_expressive_rubato_203_bridge.mid,d78dea53ea8b5558568755412ec7c72b704ce448c1990fbb631bad2aba3c7411,9,3.0,1,0,1,0,1,0.0,5.073958,0,-1,,1,1,0,-1,,1,1,0,-1,,1,1
adaptive_neither,main,adaptive,0.0,0.0,,P015,P015_pop909_expressive_rubato_263_bridge.mid,fdbb28e369fed211abc0a0b53b2006a331c357c454f4284639fd36961d3aac40,16,5.333328000000002,1,0,1,0,0,0.0,7.295550,0,-1,,1,1,0,-1,,1,1,1,0,1.9622223999999546,0,0
adaptive_neither,main,adaptive,0.0,0.0,,P016,P016_pop909_expressive_rubato_617_bridge.mid,37d4c7b2c4a5856f926b9e67a662ac676aa83beca73c7dfc2dd6c188e52a38a4,4,1.3348119999999997,1,0,1,0,0,0.0,3.073689,0,-1,,1,1,0,-1,,1,1,1,0,1.7388765666666293,0,0
adaptive_neither,main,adaptive,0.0,0.0,,P017,P017_pop909_expressive_rubato_178_bridge.mid,cfbf91b1d04e90e9d2e6b6f7ddd9fc480393f1166fde55646495523c989f5d8e,20,6.760552000000001,1,0,1,0,0,0.0,8.705200,0,-1,,1,1,0,-1,,1,1,1,0,1.9446482666667464,0,0
adaptive_neither,main,adaptive,0.0,0.0,,P018,P018_pop909_expressive_rubato_191_bridge.mid,b6e56889014ca3786b340c447e92d66f50ed149b21600186179487f5799f9b73,22,7.272727999999999,2,0,2,1,1,0.0,3.023712;9.715986,0,-1,,2,1,0,-1,,2,1,0,-1,,2,1
adaptive_neither,main,adaptive,0.0,0.0,,P019,P019_pop909_expressive_rubato_178_bridge.mid,51d4e82b5c0b217263d7a849828b0f05a8411876b0a87f85f4c175bf27767739,20,6.760551999999999,3,0,3,2,0,0.0,1.254717;6.059782;7.381468,0,-1,,3,1,1,2,0.6209155166666536,2,0,1,2,0.6209155166666536,2,0
adaptive_neither,main,adaptive,0.0,0.0,,P020,P020_pop909_expressive_rubato_212_bridge.mid,6f5eee7b1684521d31dac9b4e36649e423a8ce813df0a5f142967525e2bf2e17,17,5.783128,2,0,2,1,0,0.0,4.093793;6.550357,0,-1,,2,1,1,1,0.76722916458331,1,0,1,1,0.76722916458331,1,0
adaptive_neither,main,adaptive,0.0,0.0,,P021,P021_pop909_chord_arpeggio_polyphonic_227_piano.mid,41b21fee0bca14bd00917fcf3d879b2fcebb9856fef2228a36e0b912e58444c9,18,7.1641759999999985,1,0,1,0,0,0.0,8.326340,0,-1,,1,1,0,-1,,1,1,1,0,1.1621642583333633,0,0
adaptive_neither,main,adaptive,0.0,0.0,,P022,P022_pop909_chord_arpeggio_polyphonic_003_piano.mid,ea9963c2ef0400f7458ed0b378c21cc36273462aabccb9685efcd21625bbdcfd,19,2.9268239999999985,1,0,1,0,0,0.0,3.551763,0,-1,,1,1,1,0,0.6249393124999836,0,0,1,0,0.6249393124999836,0,0
adaptive_neither,main,adaptive,0.0,0.0,,P023,P023_pop909_chord_arpeggio_polyphonic_222_piano.mid,bddeab49734bbbb17982dc09bdfaac6a8c2e1a112b7fd3464c5e7c9deadcfc94,19,6.1538400000000015,1,0,1,0,0,0.0,7.140507,0,-1,,1,1,1,0,0.9866669999999722,0,0,1,0,0.9866669999999722,0,0
adaptive_neither,main,adaptive,0.0,0.0,,P024,P024_pop909_chord_arpeggio_polyphonic_287_piano.mid,ec7a6fe844d8678913cee3e05d68bc85d02d45d316e498dcfe79e58c814953c2,26,6.9347729000000005,1,0,1,0,0,0.0,8.867672,0,-1,,1,1,0,-1,,1,1,1,0,1.932899491666765,0,0
adaptive_neither,main,adaptive,0.0,0.0,,P025,P025_pop909_chord_arpeggio_polyphonic_566_piano.mid,52dae62297b7cdeff27e0bea0925c8bebbbb999e9935efba566c8ffc51c206e8,22,5.783128,1,0,1,0,0,0.0,6.687405,0,-1,,1,1,1,0,0.9042772499999767,0,0,1,0,0.9042772499999767,0,0
adaptive_neither,main,adaptive,0.0,0.0,,P026,P026_pop909_chord_arpeggio_polyphonic_106_piano.mid,5a21694b1c7abc6be7e5c6ee6dd6611dbca54dacb44c602d9f7dc226f5eaad89,28,7.1641759999999985,1,0,1,0,0,0.0,8.387907,0,-1,,1,1,0,-1,,1,1,1,0,1.223731395833373,0,0
adaptive_neither,main,adaptive,0.0,0.0,,P027,P027_pop909_chord_arpeggio_polyphonic_218_piano.mid,3d2716434e914a4c1b7b0fee64a762d631c9eb844e328c4f880eb95f36c370a6,32,7.0588159999999975,1,0,1,0,0,0.0,7.802198,0,-1,,1,1,1,0,0.7433824666666489,0,0,1,0,0.7433824666666489,0,0
adaptive_neither,main,adaptive,0.0,0.0,,P028,P028_pop909_chord_arpeggio_polyphonic_242_piano.mid,cd5c6e16ed3247ea34a6331d4c2e4dd980c5793b2def6bf2d11ae3b4d6d7560e,27,7.868856,1,0,1,0,0,0.0,8.871069,0,-1,,1,1,0,-1,,1,1,1,0,1.0022130437501309,0,0
adaptive_neither,main,adaptive,0.0,0.0,,P029,P029_pop909_sparse_short_062_melody.mid,de331be603af62c8ecaeb6b4de4413d0dfe0f3c4a24efa36a90905ae0bb82a26,3,3.24324,1,0,1,0,0,0.0,4.345268,0,-1,,1,1,0,-1,,1,1,1,0,1.1020277499999613,0,0
adaptive_neither,main,adaptive,0.0,0.0,,P030,P030_pop909_sparse_short_062_melody.mid,f2c561cfdf3ae696074a8292cfd9b6e91d18a740bb99c9c5ad4661e2b5225717,3,2.12837625,1,0,1,1,0,0.0,1.103243,0,-1,,1,1,0,-1,,1,1,0,-1,,1,1
adaptive_neither,main,adaptive,0.0,0.0,,P031,P031_pop909_sparse_short_062_melody.mid,113bb580ca65ca779549df831e3b90b62932fe9eb9935891172b6636ee9e6079,3,3.24324,1,0,1,0,0,0.0,4.345268,0,-1,,1,1,0,-1,,1,1,1,0,1.1020277499999613,0,0
adaptive_neither,main,adaptive,0.0,0.0,,P032,P032_pop909_sparse_short_062_melody.mid,2638d2ec8832338b8f57a7147f9874c863c36279707599ffbd8782269c399746,3,3.24324,1,0,1,0,0,0.0,4.345268,0,-1,,1,1,0,-1,,1,1,1,0,1.1020277499999613,0,0
adaptive_neither,main,adaptive,0.0,0.0,,P033,P033_pop909_sparse_short_062_melody.mid,dcf51fe0bedf2f9e1acede760976dcde4a78650e163ec3c6ce86d970b4cc65c3,3,3.24324,1,0,1,0,0,0.0,4.345268,0,-1,,1,1,0,-1,,1,1,1,0,1.1020277499999613,0,0
adaptive_neither,main,adaptive,0.0,0.0,,P034,P034_pop909_dense_fast_095_bridge.mid,1eec4634489ebc2145d5d07f86a58778c994982c97d2dd5704238989cafe8164,49,1.7610275333333312,1,0,1,0,0,0.0,1.805807,1,0,0.04477943333333201,0,0,1,0,0.04477943333333201,0,0,1,0,0.04477943333333201,0,0
adaptive_neither,main,adaptive,0.0,0.0,,P035,P035_pop909_dense_fast_351_bridge.mid,cce631ae36062ea5c6c5856ce61c72dee517b0d26fc59e569c45986becb91fa5,28,1.0351939999999993,2,0,2,1,1,0.0,0.934228;12.947946,0,-1,,2,1,0,-1,,2,1,0,-1,,2,1
adaptive_neither,main,adaptive,0.0,0.0,,P036,P036_pop909_dense_fast_095_bridge.mid,8d7b860e3c98cfc78be2b1d435ac9d52da48b3df427707b2c9dc6e28266f4b58,38,1.6801452666666645,1,0,1,0,0,0.0,1.742572,1,0,0.062426499999998164,0,0,1,0,0.062426499999998164,0,0,1,0,0.062426499999998164,0,0
adaptive_neither,main,adaptive,0.0,0.0,,P037,P037_pop909_dense_fast_095_bridge.mid,14ee870cca3317109b67f85cc0241e6678d38b8efed31130577d8d722e145a58,30,0.7977932666666666,1,0,1,0,0,0.0,0.860220,1,0,0.06242650000000016,0,0,1,0,0.06242650000000016,0,0,1,0,0.06242650000000016,0,0
adaptive_neither,main,adaptive,0.0,0.0,,P038,P038_pop909_dense_fast_727_bridge.mid,4cec022a9c9e7dd2ec868ae3124b7089c195126defe23b8a3d440d2c7bbaf873,45,1.2854942770833329,1,0,1,0,0,0.0,1.348828,1,0,0.06333331874999781,0,0,1,0,0.06333331874999781,0,0,1,0,0.06333331874999781,0,0
adaptive_neither,main,adaptive,0.0,0.0,,P039,P039_pop909_chromatic_outside_789_piano.mid,89dc01789fe23c4372b236cc806e6567b05346295e667c74639aa4642a3e304b,16,7.272728,3,0,3,3,0,0.0,0.872955;5.638485;6.267879,0,-1,,3,1,0,-1,,3,1,0,-1,,3,1
adaptive_neither,main,adaptive,0.0,0.0,,P040,P040_pop909_chromatic_outside_064_piano.mid,76f70f424a678deaed9e02ef3b85db1c47a828b39689b0fb75fd6c5cd5f84a3f,23,7.562499999999999,1,0,1,0,0,0.0,7.533333,1,0,-0.029166666666682772,0,0,1,0,-0.029166666666682772,0,0,1,0,-0.029166666666682772,0,0
adaptive_neither,main,adaptive,0.0,0.0,,P041,P041_pop909_chromatic_outside_796_piano.mid,5313ed35276167210c99ca9b0d50773ad1c5a71997072b20b1653efba88eb36f,20,6.486488,1,0,1,0,0,0.0,7.581556,0,-1,,1,1,0,-1,,1,1,1,0,1.0950675395833072,0,0
adaptive_neither,main,adaptive,0.0,0.0,,P042,P042_pop909_chromatic_outside_254_piano.mid,dfb97d893bd303a0043e98fe7c14dc376233ce114864c10be992cad37ef88538,24,3.3027539999999993,1,0,1,0,0,0.0,3.966791,0,-1,,1,1,1,0,0.6640365520833131,0,0,1,0,0.6640365520833131,0,0
adaptive_neither,main,adaptive,0.0,0.0,,P043,P043_pop909_chromatic_outside_311_bridge.mid,8bb993a52d683a9b093e77f22d9fa6d3df633472edafb5a0056e4e19b5852902,14,7.5,3,0,3,2,0,0.0,2.025937;5.775937;8.275938,0,-1,,3,1,1,2,0.7759375000000297,2,0,1,2,0.7759375000000297,2,0
adaptive_neither,main,adaptive,0.0,0.0,,P044,P044_pop909_false_ending_pause_322_bridge.mid,92fa6bc714e6881f40bd275254b082416486b9d155453539c6e2e9cce641a65c,7,4.633333333333333,1,0,1,0,0,0.0,4.587500,1,0,-0.04583333333336448,0,0,1,0,-0.04583333333336448,0,0,1,0,-0.04583333333336448,0,0
adaptive_neither,main,adaptive,0.0,0.0,,P045,P045_pop909_false_ending_pause_008_bridge.mid,28ee69826748317d665163811014939ed01825addd8f2c9505d27364a6b4adc8,7,4.876923483333333,2,0,2,2,0,0.0,2.049615;4.415769,0,-1,,2,1,0,-1,,2,1,0,-1,,2,1
adaptive_neither,main,adaptive,0.0,0.0,,P046,P046_pop909_false_ending_pause_253_bridge.mid,0e6ab6a38b763c541fa954510aaf319efab974b676865fe44aaa2c2338435f50,7,5.9943121875,2,0,2,1,1,0.0,2.275226;8.266132,0,-1,,2,1,0,-1,,2,1,0,-1,,2,1
adaptive_neither,main,adaptive,0.0,0.0,,P047,P047_pop909_false_ending_pause_396_melody.mid,45f3dedbc0915a84ff315fcf7040e15383bbafbc739845cd8f4e4db11fbe1207,7,3.8673180812499997,1,0,1,1,0,0.0,3.387681,0,-1,,1,1,0,-1,,1,1,0,-1,,1,1
adaptive_neither,main,adaptive,0.0,0.0,,P048,P048_pop909_repetition_tail_234_bridge.mid,8edaf0b3c05cb78569d9801754c34b780426e21b3654154ff150d50ac4c12b59,8,4.000000000000001,2,0,2,1,0,0.0,2.856250;4.606250,0,-1,,2,1,1,1,0.6062499999999842,1,0,1,1,0.6062499999999842,1,0
adaptive_neither,main,adaptive,0.0,0.0,,P049,P049_pop909_repetition_tail_282_bridge.mid,b5bf7675db361f16e2641027f14dbd38a665a77edf6ca030a9254be54ddab400,8,5.691775224999999,1,0,1,0,0,0.0,6.941159,0,-1,,1,1,0,-1,,1,1,1,0,1.2493838916666329,0,0
adaptive_neither,main,adaptive,0.0,0.0,,P050,P050_pop909_repetition_tail_340_bridge.mid,92dfb3e992339ebac2e7204e10ece5a799d2ae91faeb4c2a0ff6f5611e0bfbac,8,5.245888,2,0,2,1,0,0.0,3.672151;5.966161,0,-1,,2,1,1,1,0.7202734833333162,1,0,1,1,0.7202734833333162,1,0
fixed_300ms,main,fixed,0.08,0.15,0.3,A01,A01_c_pentatonic_balanced.mid,e7a1620ba70d4372e998376d91e2f55590448a9cf5878e969a0f70d410659845,14,4.8,5,2,3,2,0,0.4,1.055000;4.060000;4.810000,1,2,0.009999999999990017,2,0,1,2,0.009999999999990017,2,0,1,2,0.009999999999990017,2,0
fixed_300ms,main,fixed,0.08,0.15,0.3,A02,A02_a_minor_pentatonic_question.mid,5166d8996017b0341f9265fc4539b25d09211f1cc291b1e25a4623e68b1bbc0e,12,5.054348499999999,11,7,4,4,0,0.6363636363636364,1.107174;2.416522;3.720870;4.862174,0,-1,,4,1,0,-1,,4,1,0,-1,,4,1
fixed_300ms,main,fixed,0.08,0.15,0.3,A03,A03_a_blues_tension.mid,1c61cef65142077e0ea54a46832f15bf535a35b23c920ee8e40193b877467fd4,13,4.166669999999999,4,1,3,2,0,0.25,2.126668;3.515558;4.071114,1,2,-0.09555600000000908,2,0,1,2,-0.09555600000000908,2,0,1,2,-0.09555600000000908,2,0
fixed_300ms,main,fixed,0.08,0.15,0.3,A04,A04_classical_antecedent.mid,3b1b42414601831b09678bb49b714e6512be53f451a517170b48c6c3addb07f1,10,4.6499999999999995,5,0,5,5,0,0.0,0.450000;1.055000;1.660000;3.460000;4.510000,0,-1,,5,1,0,-1,,5,1,0,-1,,5,1
fixed_300ms,main,fixed,0.08,0.15,0.3,A05,A05_repetition_tail.mid,c615435e6cf9b0af8c8e4a2d9b7f28ccef90f4cc20ddffc10e23c15ec2296b28,12,4.182691749999999,3,0,3,3,0,0.0,1.031923;2.479230;4.065769,0,-1,,3,1,0,-1,,3,1,0,-1,,3,1
fixed_300ms,main,fixed,0.08,0.15,0.3,A06,A06_syncopated_pop.mid,25a2a2e4aea59cacc8434b36ae5173bd34aaa66ee7eec8c2e460f3f72addaf0e,12,4.3867945,8,5,3,2,0,0.625,1.592076;3.856228;4.563775,1,2,0.17698099999998984,2,0,1,2,0.17698099999998984,2,0,1,2,0.17698099999998984,2,0
fixed_300ms,main,fixed,0.08,0.15,0.3,A07,A07_sparse_long_tones.mid,fb6faee9d721a971b5d6388dc979e5a15c26d45366bfef7ade9a8f82eec3358d,6,5.454543999999999,6,0,6,6,0,0.0,0.450000;1.482727;2.505454;3.698635;4.380453;5.232726,0,-1,,6,1,0,-1,,6,1,0,-1,,6,1
fixed_300ms,main,fixed,0.08,0.15,0.3,A08,A08_dense_eighth_motion.mid,48faeb92585381b6928f2dc31a3119ec234d815efc25ec9d1ba67538fc3f6b41,16,4.285712000000002,1,0,1,0,0,0.0,4.477855,1,0,0.19214299999998996,0,0,1,0,0.19214299999998996,0,0,1,0,0.19214299999998996,0,0
fixed_300ms,main,fixed,0.08,0.15,0.3,A09,A09_arched_contour.mid,91acd677fdf9a30e64f3584796b5fc38d648b1ddf3785f4d6a6445102c15ee7c,11,4.6875,11,6,5,5,0,0.5454545454545454,0.450000;1.553750;2.335000;3.741250;4.522500,0,-1,,5,1,0,-1,,5,1,0,-1,,5,1
fixed_300ms,main,fixed,0.08,0.15,0.3,A10,A10_leap_gap_fill.mid,6639c3bceab3644ea59e759d1e92e76bcc9a082b5edaea30893d44682f7f3a97,13,4.6499999999999995,3,0,3,2,0,0.0,1.660000;3.160000;4.660000,1,2,0.009999999999990017,2,0,1,2,0.009999999999990017,2,0,1,2,0.009999999999990017,2,0
fixed_300ms,main,fixed,0.08,0.15,0.3,R01,R01_390-v1.mid,e44793c8c043f7c92184c6189f5e7b1af47c202aaa6df435a76a4d26268313aa,13,4.0,2,0,2,1,0,0.0,1.599583;4.349583,1,1,0.3495833333333236,1,0,1,1,0.3495833333333236,1,0,1,1,0.3495833333333236,1,0
fixed_300ms,main,fixed,0.08,0.15,0.3,R02,R02_667-v3.mid,af3cbab9e93480a553c9a217fc1abefdf3db788d071132050fca4cbfe862cdaa,8,4.0,4,0,4,4,0,0.0,1.862083;2.612083;3.112083;3.612083,0,-1,,4,1,0,-1,,4,1,0,-1,,4,1
fixed_300ms,main,fixed,0.08,0.15,0.3,R03,R03_174-v2.mid,88f11f634584a21ce30b0dc39c608cde9da43c7936400bba985f8702ecf9e962,12,3.9999999999999996,2,0,2,1,0,0.0,1.807917;4.432917,1,1,0.43291666666665707,1,0,1,1,0.43291666666665707,1,0,1,1,0.43291666666665707,1,0
fixed_300ms,main,fixed,0.08,0.15,0.3,R04,R04_339-v2.mid,828aff4f088b889d0715fee3e65e9243f89520710a795fa7e4b585407a7da650,9,3.817708333333333,2,0,2,1,0,0.0,2.067292;4.067292,1,1,0.24958333333332394,1,0,1,1,0.24958333333332394,1,0,1,1,0.24958333333332394,1,0
fixed_300ms,main,fixed,0.08,0.15,0.3,R05,R05_581.mid,766b0c79d6f6905d1c32f244469b14bf48cb861e79ceede6ac2ee1929437dcf4,13,4.0,4,0,4,3,0,0.0,0.571875;1.076875;2.081875;4.331875,1,3,0.33187499999999037,3,0,1,3,0.33187499999999037,3,0,1,3,0.33187499999999037,3,0
fixed_300ms,main,fixed,0.08,0.15,0.3,R06,R06_132-v2.mid,e1ccff44d4528b8e4af0e40bdc4699a89e46169a5a6c766acc8ac50740c17bc4,15,4.0,3,1,2,1,0,0.3333333333333333,1.404792;4.404792,1,1,0.40479166666665733,1,0,1,1,0.40479166666665733,1,0,1,1,0.40479166666665733,1,0
fixed_300ms,main,fixed,0.08,0.15,0.3,R07,R07_664-v2.mid,d84d97d7bfa78ff716110978692047e182ce9f01efee7a44f583544e113fed69,11,4.0,3,0,3,2,0,0.0,1.350625;2.350625;4.350625,1,2,0.3506249999999902,2,0,1,2,0.3506249999999902,2,0,1,2,0.3506249999999902,2,0
fixed_300ms,main,fixed,0.08,0.15,0.3,R08,R08_266-v1.mid,a60f28e61f3323d5039cd94cdaea65c36ca0311962a73686837cf9dfdde0799d,8,4.0,6,0,6,6,0,0.0,0.450000;0.950000;1.460000;2.460000;2.960000;3.460000,0,-1,,6,1,0,-1,,6,1,0,-1,,6,1
fixed_300ms,main,fixed,0.08,0.15,0.3,R09,R09_433.mid,e1f859f9f55ce2a1718a88f1ce5f88ffffd035cd2ac61aeba9f71e42eb3d1658,23,4.000000000000001,4,3,1,0,0,0.75,4.427708,1,0,0.4277083333333236,0,0,1,0,0.4277083333333236,0,0,1,0,0.4277083333333236,0,0
fixed_300ms,main,fixed,0.08,0.15,0.3,R10,R10_039-v2.mid,25635c75dc841999c02ffb9b7d67ef21f421bef585b28e0635701689b574a8f6,11,4.000000000000001,2,0,2,1,0,0.0,3.105833;4.315208,1,1,0.31520833333332376,1,0,1,1,0.31520833333332376,1,0,1,1,0.31520833333332376,1,0
fixed_300ms,main,fixed,0.08,0.15,0.3,R11,R11_538.mid,676637ee06573aad6e8ea80367346578ac11b8ed36c9f8ce5702eda3643830ab,20,3.921875,2,1,1,0,0,0.5,4.205833,1,0,0.28395833333332376,0,0,1,0,0.28395833333332376,0,0,1,0,0.28395833333332376,0,0
fixed_300ms,main,fixed,0.08,0.15,0.3,R12,R12_457.mid,151dd04bd54d11512876bab817410ae94fb81547894ff0a3b96401968101f6df,13,4.0,4,0,4,3,0,0.0,2.041250;2.791250;3.291250;4.416250,1,3,0.41624999999999,3,0,1,3,0.41624999999999,3,0,1,3,0.41624999999999,3,0
fixed_300ms,main,fixed,0.08,0.15,0.3,R13,R13_353-v1.mid,ef59a3cdc969d70fd54c9cd52a37e30deb9772958305ace368edde9ea5afc7c3,11,4.0,2,0,2,1,0,0.0,1.414167;4.414167,1,1,0.4141666666666568,1,0,1,1,0.4141666666666568,1,0,1,1,0.4141666666666568,1,0
fixed_300ms,main,fixed,0.08,0.15,0.3,R14,R14_073.mid,6014529ddd8b96a82fd599bf2e0268f5da21dad2080ba59e69de225512a58ee3,12,3.939583333333333,3,1,2,1,0,0.3333333333333333,2.402708;4.277708,1,1,0.33812499999999,1,0,1,1,0.33812499999999,1,0,1,1,0.33812499999999,1,0
fixed_300ms,main,fixed,0.08,0.15,0.3,R15,R15_156-v2.mid,d6ae647242ceff286d61867ebb06ee767c382eed20c618f7988a94d4733b7d8d,9,4.0,5,0,5,4,0,0.0,0.621875;1.881875;2.631875;3.131875;4.381875,1,4,0.3818749999999902,4,0,1,4,0.3818749999999902,4,0,1,4,0.3818749999999902,4,0
fixed_300ms,main,fixed,0.08,0.15,0.3,R16,R16_249.mid,32c21206c709d04269f4de5a9705ca310189a55c657a53ea8612ed3c5ac480dd,8,4.0,6,0,6,5,0,0.0,0.590625;1.850625;2.600625;3.100625;3.600625;4.100625,1,5,0.1006249999999902,5,0,1,5,0.1006249999999902,5,0,1,5,0.1006249999999902,5,0
fixed_300ms,main,fixed,0.08,0.15,0.3,R17,R17_319.mid,7b40b95a494f202130093514531c7232c45d539c2a7ebafe5dee64fac4bc0e7e,18,4.0,2,0,2,1,0,0.0,0.505208;4.390208,1,1,0.39020833333332394,1,0,1,1,0.39020833333332394,1,0,1,1,0.39020833333332394,1,0
fixed_300ms,main,fixed,0.08,0.15,0.3,R18,R18_249.mid,0dc5853f595ca79ae339d76ccf661f166c739dba3b0cb0d66eeb860ef17dd7c0,9,4.0,5,0,5,5,0,0.0,0.590625;1.095625;1.600625;2.100625;3.600625,0,-1,,5,1,0,-1,,5,1,0,-1,,5,1
fixed_300ms,main,fixed,0.08,0.15,0.3,R19,R19_733.mid,73dc520e4f2e19e784486fb5160d0686a1f7d90b81c9bb57b8e6478f3b2032fe,10,4.0,2,0,2,1,0,0.0,1.299583;4.049583,1,1,0.049583333333323765,1,0,1,1,0.049583333333323765,1,0,1,1,0.049583333333323765,1,0
fixed_300ms,main,fixed,0.08,0.15,0.3,R20,R20_660.mid,a3a01235dabd1fd09f3b7047e7b59bee8af87f41bc4456aa3e261bc412d6998a,8,3.983333333333334,3,0,3,2,0,0.0,0.742708;3.752708;4.252708,1,2,0.2693749999999908,2,0,1,2,0.2693749999999908,2,0,1,2,0.2693749999999908,2,0
fixed_300ms,main,fixed,0.08,0.15,0.3,R21,R21_756-v2.mid,7b479a282dd8ac5742239c1fda08a8a89a1834843d91b2b219beaa12a020ebdc,8,4.0,5,0,5,4,0,0.0,0.540625;1.550625;2.800625;3.550625;4.300625,1,4,0.30062499999999037,4,0,1,4,0.30062499999999037,4,0,1,4,0.30062499999999037,4,0
fixed_300ms,main,fixed,0.08,0.15,0.3,R22,R22_156.mid,530aaba96af00f7031edd5c0b26b6a257808c3f3d7df6c3d36f325fc29229487,10,4.0,4,0,4,3,0,0.0,1.631875;2.631875;3.131875;4.381875,1,3,0.3818749999999902,3,0,1,3,0.3818749999999902,3,0,1,3,0.3818749999999902,3,0
fixed_300ms,main,fixed,0.08,0.15,0.3,R23,R23_645.mid,4089adb020ffa2aa242ec57c10ef8efd9ad726c8c6bf22e335e91d65a5783ac4,12,3.9999999999999996,4,1,3,2,0,0.25,1.808958;2.808958;4.308958,1,2,0.3089583333333237,2,0,1,2,0.3089583333333237,2,0,1,2,0.3089583333333237,2,0
fixed_300ms,main,fixed,0.08,0.15,0.3,R24,R24_242-v2.mid,5a18cae5a6fd996e3688bb05a6723665c26e561d21b88c112d65d4a6bdb51fca,15,4.000000000000001,3,0,3,2,0,0.0,1.271458;2.896458;4.396458,1,2,0.3964583333333236,2,0,1,2,0.3964583333333236,2,0,1,2,0.3964583333333236,2,0
fixed_300ms,main,fixed,0.08,0.15,0.3,R25,R25_618-v1.mid,56ff3fa00dc9e75c7913306f4a8cede335d24189bb8e26cfce827120f12743c7,10,4.0,2,0,2,1,0,0.0,2.891250;4.391250,1,1,0.39124999999999055,1,0,1,1,0.39124999999999055,1,0,1,1,0.39124999999999055,1,0
fixed_300ms,main,fixed,0.08,0.15,0.3,R26,R26_560-v1.mid,f0d0a16aff422f9a5877f2944cdd0b959b4801aa449310959626fa7dbd7a6edb,15,3.951041666666667,2,0,2,1,0,0.0,1.532917;4.282917,1,1,0.33187499999999037,1,0,1,1,0.33187499999999037,1,0,1,1,0.33187499999999037,1,0
fixed_300ms,main,fixed,0.08,0.15,0.3,R27,R27_735.mid,c6fabc901af844a2236d5a2956bd48e11d7952607af238e872c0dc7f65dbaa6f,16,4.0,3,0,3,2,0,0.0,2.025625;3.775625;4.400625,1,2,0.40062499999999,2,0,1,2,0.40062499999999,2,0,1,2,0.40062499999999,2,0
fixed_300ms,main,fixed,0.08,0.15,0.3,R28,R28_804-v3.mid,f2326f94ae3ec36fd956ed7a74f507c37dfaeae99fddbfc7f2cbf87414f92030,11,3.9802083333333336,3,1,2,1,0,0.3333333333333333,2.341250;4.341250,1,1,0.36104166666665716,1,0,1,1,0.36104166666665716,1,0,1,1,0.36104166666665716,1,0
fixed_300ms,main,fixed,0.08,0.15,0.3,R29,R29_846-v2.mid,b750d5ab04a7fcc02298fea281e624dbc92dd1640a17037e580bb5b845ab517b,12,4.0,3,0,3,2,0,0.0,2.457917;3.457917;4.207917,1,2,0.20791666666665698,2,0,1,2,0.20791666666665698,2,0,1,2,0.20791666666665698,2,0
fixed_300ms,main,fixed,0.08,0.15,0.3,R30,R30_002-v2.mid,3b8c10e5c6886af05080687f0bc745791d33e73b2cec916337c1799e43024254,19,4.0,3,1,2,1,0,0.3333333333333333,3.157917;4.407917,1,1,0.40791666666665716,1,0,1,1,0.40791666666665716,1,0,1,1,0.40791666666665716,1,0
fixed_300ms,main,fixed,0.08,0.15,0.3,R31,R31_069-v5.mid,ad5859e7014674fc2b088288d32445f60e2790c868a97bae22f5c6c6f7a9c906,10,4.0,5,0,5,5,0,0.0,0.839583;1.349583;1.849583;2.599583;3.849583,0,-1,,5,1,0,-1,,5,1,0,-1,,5,1
fixed_300ms,main,fixed,0.08,0.15,0.3,R32,R32_290-v2.mid,b6d63759467030d9561098d602d2077dba3fd2e6533d64bc6401940ec9398bd7,11,4.0,4,0,4,3,0,0.0,0.791667;2.301667;2.801667;4.301667,1,3,0.301666666666657,3,0,1,3,0.301666666666657,3,0,1,3,0.301666666666657,3,0
fixed_300ms,main,fixed,0.08,0.15,0.3,R33,R33_144-v1.mid,14914529875824c38e895baf4969bc1f01031d5a20038d87474333091ce8bf16,21,4.0,3,2,1,0,0,0.6666666666666666,4.448542,1,0,0.4485416666666575,0,0,1,0,0.4485416666666575,0,0,1,0,0.4485416666666575,0,0
fixed_300ms,main,fixed,0.08,0.15,0.3,R34,R34_680-v3.mid,193fa77f9af23482857e237a7f27c3f78c79243d9a1ffca85d491c191040a3d9,15,4.0,5,3,2,1,0,0.6,1.578750;4.328750,1,1,0.32874999999999055,1,0,1,1,0.32874999999999055,1,0,1,1,0.32874999999999055,1,0
fixed_300ms,main,fixed,0.08,0.15,0.3,R35,R35_436-v2.mid,0db58df01ff0e7ef7665b41a914d45f2c8da7ce346a391eafaadda58c2fbcbd1,8,3.9999999999999996,2,0,2,1,0,0.0,1.604792;4.354792,1,1,0.35479166666665707,1,0,1,1,0.35479166666665707,1,0,1,1,0.35479166666665707,1,0
fixed_300ms,main,fixed,0.08,0.15,0.3,R36,R36_230.mid,292e936198ef29131aa14fa25acb693df0d1183ea1dde8ce70b941f2378a5b3c,11,4.0,4,2,2,1,0,0.5,1.782917;4.282917,1,1,0.28291666666665716,1,0,1,1,0.28291666666665716,1,0,1,1,0.28291666666665716,1,0
fixed_300ms,main,fixed,0.08,0.15,0.3,R37,R37_667-v3.mid,3423caa4b45632a7f2c919a198ed678b6eb9786448d01e549dc32a5398afcf9f,7,4.0,4,0,4,3,0,0.0,0.602083;2.862083;3.862083;4.362083,1,3,0.36208333333332376,3,0,1,3,0.36208333333332376,3,0,1,3,0.36208333333332376,3,0
fixed_300ms,main,fixed,0.08,0.15,0.3,R38,R38_136.mid,3abb38ce19d8de517c62b2014f88ea09cffbe9e6bf5ed9c01ed0c1155a8acbe5,14,4.0,6,0,6,5,0,0.0,1.380833;1.880833;2.380833;3.380833;3.880833;4.380833,1,5,0.3808333333333236,5,0,1,5,0.3808333333333236,5,0,1,5,0.3808333333333236,5,0
fixed_300ms,main,fixed,0.08,0.15,0.3,R39,R39_578-v3.mid,fceb1f97ce180f42e04547ff0aa0b9478cd06770ac604a3832d919926ad92aa7,16,4.0,2,1,1,0,0,0.5,4.458958,1,0,0.4589583333333236,0,0,1,0,0.4589583333333236,0,0,1,0,0.4589583333333236,0,0
fixed_300ms,main,fixed,0.08,0.15,0.3,R40,R40_454.mid,d848f11068ba98d752767ac7826bc58b93c22e9b031ee710f0fae41eccde2eec,12,3.9187499999999997,3,0,3,2,0,0.0,2.294375;3.544375;4.294375,1,2,0.3756249999999901,2,0,1,2,0.3756249999999901,2,0,1,2,0.3756249999999901,2,0
fixed_300ms,main,fixed,0.08,0.15,0.3,P001,P001_pop909_clear_motif_melody_298_bridge.mid,8b00372060ba7b623d803e3af7e70f5ef60b65f66816ad377f725005f4c84fa9,10,4.948456,10,6,4,3,0,0.6,1.098042;1.721599;3.577270;5.123662,1,3,0.17520604791665662,3,0,1,3,0.17520604791665662,3,0,1,3,0.17520604791665662,3,0
fixed_300ms,main,fixed,0.08,0.15,0.3,P002,P002_pop909_clear_motif_melody_248_bridge.mid,ccb942640a73e3e0122c796c0971c8f675a924861614fa62562f002ab9ef196d,10,3.478248,4,2,2,1,0,0.5,1.538800;3.495315,1,1,0.01706685624999027,1,0,1,1,0.01706685624999027,1,0,1,1,0.01706685624999027,1,0
fixed_300ms,main,fixed,0.08,0.15,0.3,P003,P003_pop909_clear_motif_melody_339_melody.mid,628d1079f63c4bf7a08c4ee78f0765919be119f7b82f8dc3ffde83afbb2238ec,10,6.3124899,10,7,3,2,0,0.7,1.888817;3.555481;6.472143,1,2,0.15965325833332322,2,0,1,2,0.15965325833332322,2,0,1,2,0.15965325833332322,2,0
fixed_300ms,main,fixed,0.08,0.15,0.3,P004,P004_pop909_clear_motif_melody_268_melody.mid,e1ad81a5ae674340b836f4d87a0f82f0920845ccc4214feb28ccf9b9603f0948,10,8.0,3,0,3,3,0,0.0,0.787500;6.297500;7.797500,0,-1,,3,1,0,-1,,3,1,0,-1,,3,1
fixed_300ms,main,fixed,0.08,0.15,0.3,P005,P005_pop909_clear_motif_melody_021_melody.mid,a1fe99526a41a4b56b5a507d209dd13d4105ef53e85d25dd53ce7e9ee5915ff3,10,4.13157275,3,0,3,2,0,0.0,0.807456;1.343771;4.238503,1,2,0.10693035416665708,2,0,1,2,0.10693035416665708,2,0,1,2,0.10693035416665708,2,0
fixed_300ms,main,fixed,0.08,0.15,0.3,P006,P006_pop909_clear_motif_melody_220_melody.mid,81d85ebdbdb62cf3dd0eb82602b7fe26907e395242e71f5bb78ef112438b09cc,10,3.870936,4,1,3,2,0,0.25,1.625313;2.834981;4.165615,1,2,0.2946787749999902,2,0,1,2,0.2946787749999902,2,0,1,2,0.2946787749999902,2,0
fixed_300ms,main,fixed,0.08,0.15,0.3,P007,P007_pop909_clear_motif_melody_273_melody.mid,b6f10983b8aa291a839fc6e5232bc1920fa3b1e354e6e03e788a7a6b17af9d59,10,6.48648,8,6,2,2,0,0.75,2.230268;4.257293,0,-1,,2,1,0,-1,,2,1,0,-1,,2,1
fixed_300ms,main,fixed,0.08,0.15,0.3,P008,P008_pop909_clear_motif_melody_713_melody.mid,cc0088d140a0c7f748d7a717a6f796eed7338f6a4d8889e8e2eebd7fab8f8f51,10,5.454544,6,3,3,2,0,0.5,1.041648;2.410284;5.819374,1,2,0.3648295708333231,2,0,1,2,0.3648295708333231,2,0,1,2,0.3648295708333231,2,0
fixed_300ms,main,fixed,0.08,0.15,0.3,P009,P009_pop909_clear_motif_melody_328_melody.mid,e8885a270c794ef4d50b9e6e050e3a0d3d8301d178169d86d88126123dbf06e2,10,5.333328,10,8,2,1,0,0.8,1.534999;5.534995,1,1,0.20166692499998984,1,0,1,1,0.20166692499998984,1,0,1,1,0.20166692499998984,1,0
fixed_300ms,main,fixed,0.08,0.15,0.3,P010,P010_pop909_clear_motif_melody_407_melody.mid,42e7658af7a87529d58b908a6d60cc195eeb297cdd129a98e1cb2649ce5aecce,10,6.15,5,0,5,5,0,0.0,0.497917;1.276667;2.526667;3.735000;4.460000,0,-1,,5,1,0,-1,,5,1,0,-1,,5,1
fixed_300ms,main,fixed,0.08,0.15,0.3,P011,P011_pop909_clear_motif_melody_119_melody.mid,896c48c32a15cf85bd286aa4436d0a697c9a91692eb0fb128687d212976619d5,10,7.272728,7,4,3,2,0,0.5714285714285714,1.778182;5.414546;7.687273,1,2,0.41454544999999055,2,0,1,2,0.41454544999999055,2,0,1,2,0.41454544999999055,2,0
fixed_300ms,main,fixed,0.08,0.15,0.3,P012,P012_pop909_clear_motif_melody_188_melody.mid,54bf4eb2f8bff2ccd5d214afc84523384678bdefdf3145e821781182c58bc003,10,4.363632000000001,3,0,3,2,0,0.0,1.015227;3.202043;4.565678,1,2,0.2020457124999906,2,0,1,2,0.2020457124999906,2,0,1,2,0.2020457124999906,2,0
fixed_300ms,main,fixed,0.08,0.15,0.3,P013,P013_pop909_expressive_rubato_203_bridge.mid,d94792fd3118efad79013d413549904951e6acf204434771004ef7b6bac68e4a,9,3.000000000000001,3,0,3,2,0,0.0,1.028958;2.533958;3.283958,1,2,0.2839583333333233,2,0,1,2,0.2839583333333233,2,0,1,2,0.2839583333333233,2,0
fixed_300ms,main,fixed,0.08,0.15,0.3,P014,P014_pop909_expressive_rubato_203_bridge.mid,d78dea53ea8b5558568755412ec7c72b704ce448c1990fbb631bad2aba3c7411,9,3.0,3,0,3,2,0,0.0,1.028958;2.533958;3.283958,1,2,0.28395833333332376,2,0,1,2,0.28395833333332376,2,0,1,2,0.28395833333332376,2,0
fixed_300ms,main,fixed,0.08,0.15,0.3,P015,P015_pop909_expressive_rubato_263_bridge.mid,fdbb28e369fed211abc0a0b53b2006a331c357c454f4284639fd36961d3aac40,16,5.333328000000002,8,3,5,4,0,0.375,0.605555;1.948887;2.615553;3.282219;5.615550,1,4,0.28222239999999044,4,0,1,4,0.28222239999999044,4,0,1,4,0.28222239999999044,4,0
fixed_300ms,main,fixed,0.08,0.15,0.3,P016,P016_pop909_expressive_rubato_617_bridge.mid,37d4c7b2c4a5856f926b9e67a662ac676aa83beca73c7dfc2dd6c188e52a38a4,4,1.3348119999999997,2,0,2,1,0,0.0,0.605728;1.783689,1,1,0.44887656666665676,1,0,1,1,0.44887656666665676,1,0,1,1,0.44887656666665676,1,0
fixed_300ms,main,fixed,0.08,0.15,0.3,P017,P017_pop909_expressive_rubato_178_bridge.mid,cfbf91b1d04e90e9d2e6b6f7ddd9fc480393f1166fde55646495523c989f5d8e,20,6.760552000000001,6,1,5,4,0,0.16666666666666666,1.074717;1.924786;4.459993;5.305062;6.995200,1,4,0.23464826666665672,4,0,1,4,0.23464826666665672,4,0,1,4,0.23464826666665672,4,0
fixed_300ms,main,fixed,0.08,0.15,0.3,P018,P018_pop909_expressive_rubato_191_bridge.mid,b6e56889014ca3786b340c447e92d66f50ed149b21600186179487f5799f9b73,22,7.272727999999999,7,2,5,4,0,0.2857142857142857,0.565530;2.393712;4.211894;6.030076;7.620986,1,4,0.34825756458332346,4,0,1,4,0.34825756458332346,4,0,1,4,0.34825756458332346,4,0
fixed_300ms,main,fixed,0.08,0.15,0.3,P019,P019_pop909_expressive_rubato_178_bridge.mid,51d4e82b5c0b217263d7a849828b0f05a8411876b0a87f85f4c175bf27767739,20,6.760551999999999,6,2,4,3,0,0.3333333333333333,1.074717;1.924786;4.549782;7.206468,1,3,0.4459155166666573,3,0,1,3,0.4459155166666573,3,0,1,3,0.4459155166666573,3,0
fixed_300ms,main,fixed,0.08,0.15,0.3,P020,P020_pop909_expressive_rubato_212_bridge.mid,6f5eee7b1684521d31dac9b4e36649e423a8ce813df0a5f142967525e2bf2e17,17,5.783128,8,5,3,2,0,0.625,0.493675;3.033793;5.925357,1,2,0.14222916458332335,2,0,1,2,0.14222916458332335,2,0,1,2,0.14222916458332335,2,0
fixed_300ms,main,fixed,0.08,0.15,0.3,P021,P021_pop909_chord_arpeggio_polyphonic_227_piano.mid,41b21fee0bca14bd00917fcf3d879b2fcebb9856fef2228a36e0b912e58444c9,18,7.1641759999999985,13,12,1,0,0,0.9230769230769231,7.441340,1,0,0.2771642583333236,0,0,1,0,0.2771642583333236,0,0,1,0,0.2771642583333236,0,0
fixed_300ms,main,fixed,0.08,0.15,0.3,P022,P022_pop909_chord_arpeggio_polyphonic_003_piano.mid,ea9963c2ef0400f7458ed0b378c21cc36273462aabccb9685efcd21625bbdcfd,19,2.9268239999999985,5,3,2,1,0,0.6,2.495057;3.226763,1,1,0.2999393124999905,1,0,1,1,0.2999393124999905,1,0,1,1,0.2999393124999905,1,0
fixed_300ms,main,fixed,0.08,0.15,0.3,P023,P023_pop909_chord_arpeggio_polyphonic_222_piano.mid,bddeab49734bbbb17982dc09bdfaac6a8c2e1a112b7fd3464c5e7c9deadcfc94,19,6.1538400000000015,12,9,3,2,0,0.75,1.083204;4.357432;6.280507,1,2,0.12666699999999054,2,0,1,2,0.12666699999999054,2,0,1,2,0.12666699999999054,2,0
fixed_300ms,main,fixed,0.08,0.15,0.3,P024,P024_pop909_chord_arpeggio_polyphonic_287_piano.mid,ec7a6fe844d8678913cee3e05d68bc85d02d45d316e498dcfe79e58c814953c2,26,6.9347729000000005,8,0,8,8,0,0.0,0.625724;1.505288;2.374852;3.244416;4.113980;4.983544;5.853108;6.722672,0,-1,,8,1,0,-1,,8,1,0,-1,,8,1
fixed_300ms,main,fixed,0.08,0.15,0.3,P025,P025_pop909_chord_arpeggio_polyphonic_566_piano.mid,52dae62297b7cdeff27e0bea0925c8bebbbb999e9935efba566c8ffc51c206e8,22,5.783128,15,14,1,0,0,0.9333333333333333,6.062405,1,0,0.27927724999999004,0,0,1,0,0.27927724999999004,0,0,1,0,0.27927724999999004,0,0
fixed_300ms,main,fixed,0.08,0.15,0.3,P026,P026_pop909_chord_arpeggio_polyphonic_106_piano.mid,5a21694b1c7abc6be7e5c6ee6dd6611dbca54dacb44c602d9f7dc226f5eaad89,28,7.1641759999999985,8,4,4,3,0,0.5,3.473058;4.368580;5.264102;7.502907,1,3,0.33873139583332357,3,0,1,3,0.33873139583332357,3,0,1,3,0.33873139583332357,3,0
fixed_300ms,main,fixed,0.08,0.15,0.3,P027,P027_pop909_chord_arpeggio_polyphonic_218_piano.mid,3d2716434e914a4c1b7b0fee64a762d631c9eb844e328c4f880eb95f36c370a6,32,7.0588159999999975,7,5,2,1,0,0.7142857142857143,1.010146;7.412198,1,1,0.3533824666666572,1,0,1,1,0.3533824666666572,1,0,1,1,0.3533824666666572,1,0
fixed_300ms,main,fixed,0.08,0.15,0.3,P028,P028_pop909_chord_arpeggio_polyphonic_242_piano.mid,cd5c6e16ed3247ea34a6331d4c2e4dd980c5793b2def6bf2d11ae3b4d6d7560e,27,7.868856,11,0,11,10,0,0.0,2.269427;2.761231;3.253034;3.744838;4.236641;4.728445;6.203855;6.695659;7.187462;7.679266;8.166069,1,10,0.29721304375002067,10,0,1,10,0.29721304375002067,10,0,1,10,0.29721304375002067,10,0
fixed_300ms,main,fixed,0.08,0.15,0.3,P029,P029_pop909_sparse_short_062_melody.mid,de331be603af62c8ecaeb6b4de4413d0dfe0f3c4a24efa36a90905ae0bb82a26,3,3.24324,3,1,2,2,0,0.3333333333333333,1.764053;2.980268,0,-1,,2,1,0,-1,,2,1,0,-1,,2,1
fixed_300ms,main,fixed,0.08,0.15,0.3,P030,P030_pop909_sparse_short_062_melody.mid,f2c561cfdf3ae696074a8292cfd9b6e91d18a740bb99c9c5ad4661e2b5225717,3,2.12837625,1,0,1,1,0,0.0,0.943243,0,-1,,1,1,0,-1,,1,1,0,-1,,1,1
fixed_300ms,main,fixed,0.08,0.15,0.3,P031,P031_pop909_sparse_short_062_melody.mid,113bb580ca65ca779549df831e3b90b62932fe9eb9935891172b6636ee9e6079,3,3.24324,3,1,2,2,0,0.3333333333333333,1.764053;2.980268,0,-1,,2,1,0,-1,,2,1,0,-1,,2,1
fixed_300ms,main,fixed,0.08,0.15,0.3,P032,P032_pop909_sparse_short_062_melody.mid,2638d2ec8832338b8f57a7147f9874c863c36279707599ffbd8782269c399746,3,3.24324,3,1,2,2,0,0.3333333333333333,1.764053;2.980268,0,-1,,2,1,0,-1,,2,1,0,-1,,2,1
fixed_300ms,main,fixed,0.08,0.15,0.3,P033,P033_pop909_sparse_short_062_melody.mid,dcf51fe0bedf2f9e1acede760976dcde4a78650e163ec3c6ce86d970b4cc65c3,3,3.24324,3,1,2,2,0,0.3333333333333333,1.764053;2.980268,0,-1,,2,1,0,-1,,2,1,0,-1,,2,1
fixed_300ms,main,fixed,0.08,0.15,0.3,P034,P034_pop909_dense_fast_095_bridge.mid,1eec4634489ebc2145d5d07f86a58778c994982c97d2dd5704238989cafe8164,49,1.7610275333333312,1,0,1,0,0,0.0,2.200807,1,0,0.4397794333333236,0,0,1,0,0.4397794333333236,0,0,1,0,0.4397794333333236,0,0
fixed_300ms,main,fixed,0.08,0.15,0.3,P035,P035_pop909_dense_fast_351_bridge.mid,cce631ae36062ea5c6c5856ce61c72dee517b0d26fc59e569c45986becb91fa5,28,1.0351939999999993,1,0,1,0,0,0.0,1.422946,1,0,0.3877520854166576,0,0,1,0,0.3877520854166576,0,0,1,0,0.3877520854166576,0,0
fixed_300ms,main,fixed,0.08,0.15,0.3,P036,P036_pop909_dense_fast_095_bridge.mid,8d7b860e3c98cfc78be2b1d435ac9d52da48b3df427707b2c9dc6e28266f4b58,38,1.6801452666666645,1,0,1,0,0,0.0,2.112572,1,0,0.4324264999999905,0,0,1,0,0.4324264999999905,0,0,1,0,0.4324264999999905,0,0
fixed_300ms,main,fixed,0.08,0.15,0.3,P037,P037_pop909_dense_fast_095_bridge.mid,14ee870cca3317109b67f85cc0241e6678d38b8efed31130577d8d722e145a58,30,0.7977932666666666,1,0,1,0,0,0.0,1.230220,1,0,0.4324264999999953,0,0,1,0,0.4324264999999953,0,0,1,0,0.4324264999999953,0,0
fixed_300ms,main,fixed,0.08,0.15,0.3,P038,P038_pop909_dense_fast_727_bridge.mid,4cec022a9c9e7dd2ec868ae3124b7089c195126defe23b8a3d440d2c7bbaf873,45,1.2854942770833329,1,0,1,0,0,0.0,1.703828,1,0,0.41833331874999025,0,0,1,0,0.41833331874999025,0,0,1,0,0.41833331874999025,0,0
fixed_300ms,main,fixed,0.08,0.15,0.3,P039,P039_pop909_chromatic_outside_789_piano.mid,89dc01789fe23c4372b236cc806e6567b05346295e667c74639aa4642a3e304b,16,7.272728,4,0,4,4,0,0.0,1.388030;3.316061;4.683485;6.497879,0,-1,,4,1,0,-1,,4,1,0,-1,,4,1
fixed_300ms,main,fixed,0.08,0.15,0.3,P040,P040_pop909_chromatic_outside_064_piano.mid,76f70f424a678deaed9e02ef3b85db1c47a828b39689b0fb75fd6c5cd5f84a3f,23,7.562499999999999,4,0,4,4,0,0.0,1.743333;2.243333;2.743333;7.243333,0,-1,,4,1,0,-1,,4,1,0,-1,,4,1
fixed_300ms,main,fixed,0.08,0.15,0.3,P041,P041_pop909_chromatic_outside_796_piano.mid,5313ed35276167210c99ca9b0d50773ad1c5a71997072b20b1653efba88eb36f,20,6.486488,16,15,1,0,0,0.9375,6.826556,1,0,0.34006753958332325,0,0,1,0,0.34006753958332325,0,0,1,0,0.34006753958332325,0,0
fixed_300ms,main,fixed,0.08,0.15,0.3,P042,P042_pop909_chromatic_outside_254_piano.mid,dfb97d893bd303a0043e98fe7c14dc376233ce114864c10be992cad37ef88538,24,3.3027539999999993,2,0,2,1,0,0.0,1.830414;3.481791,1,1,0.17903655208332347,1,0,1,1,0.17903655208332347,1,0,1,1,0.17903655208332347,1,0
fixed_300ms,main,fixed,0.08,0.15,0.3,P043,P043_pop909_chromatic_outside_311_bridge.mid,8bb993a52d683a9b093e77f22d9fa6d3df633472edafb5a0056e4e19b5852902,14,7.5,14,11,3,2,0,0.7857142857142857,1.545937;5.295937;7.795937,1,2,0.2959374999999902,2,0,1,2,0.2959374999999902,2,0,1,2,0.2959374999999902,2,0
fixed_300ms,main,fixed,0.08,0.15,0.3,P044,P044_pop909_false_ending_pause_322_bridge.mid,92fa6bc714e6881f40bd275254b082416486b9d155453539c6e2e9cce641a65c,7,4.633333333333333,7,2,5,5,0,0.2857142857142857,1.360000;1.860000;2.360000;2.922500;3.547500,0,-1,,5,1,0,-1,,5,1,0,-1,,5,1
fixed_300ms,main,fixed,0.08,0.15,0.3,P045,P045_pop909_false_ending_pause_008_bridge.mid,28ee69826748317d665163811014939ed01825addd8f2c9505d27364a6b4adc8,7,4.876923483333333,4,0,4,4,0,0.0,0.711538;1.644615;3.029231;3.490769,0,-1,,4,1,0,-1,,4,1,0,-1,,4,1
fixed_300ms,main,fixed,0.08,0.15,0.3,P046,P046_pop909_false_ending_pause_253_bridge.mid,0e6ab6a38b763c541fa954510aaf319efab974b676865fe44aaa2c2338435f50,7,5.9943121875,6,2,4,4,0,0.3333333333333333,0.989772;1.795226;3.272497;4.636132,0,-1,,4,1,0,-1,,4,1,0,-1,,4,1
fixed_300ms,main,fixed,0.08,0.15,0.3,P047,P047_pop909_false_ending_pause_396_melody.mid,45f3dedbc0915a84ff315fcf7040e15383bbafbc739845cd8f4e4db11fbe1207,7,3.8673180812499997,5,3,2,2,0,0.6,1.501899;2.842681,0,-1,,2,1,0,-1,,2,1,0,-1,,2,1
fixed_300ms,main,fixed,0.08,0.15,0.3,P048,P048_pop909_repetition_tail_234_bridge.mid,8edaf0b3c05cb78569d9801754c34b780426e21b3654154ff150d50ac4c12b59,8,4.000000000000001,4,2,2,1,0,0.5,2.566250;4.316250,1,1,0.31624999999999037,1,0,1,1,0.31624999999999037,1,0,1,1,0.31624999999999037,1,0
fixed_300ms,main,fixed,0.08,0.15,0.3,P049,P049_pop909_repetition_tail_282_bridge.mid,b5bf7675db361f16e2641027f14dbd38a665a77edf6ca030a9254be54ddab400,8,5.691775224999999,8,5,3,2,0,0.625,3.350408;4.172325;5.816159,1,2,0.12438389166665687,2,0,1,2,0.12438389166665687,2,0,1,2,0.12438389166665687,2,0
fixed_300ms,main,fixed,0.08,0.15,0.3,P050,P050_pop909_repetition_tail_340_bridge.mid,92dfb3e992339ebac2e7204e10ece5a799d2ae91faeb4c2a0ff6f5611e0bfbac,8,5.245888,6,3,3,2,0,0.5,3.147151;4.786491;5.606161,1,2,0.3602734833333239,2,0,1,2,0.3602734833333239,2,0,1,2,0.3602734833333239,2,0
fixed_500ms,main,fixed,0.08,0.15,0.5,A01,A01_c_pentatonic_balanced.mid,e7a1620ba70d4372e998376d91e2f55590448a9cf5878e969a0f70d410659845,14,4.8,3,2,1,0,0,0.6666666666666666,5.010000,1,0,0.20999999999998575,0,0,1,0,0.20999999999998575,0,0,1,0,0.20999999999998575,0,0
fixed_500ms,main,fixed,0.08,0.15,0.5,A02,A02_a_minor_pentatonic_question.mid,5166d8996017b0341f9265fc4539b25d09211f1cc291b1e25a4623e68b1bbc0e,12,5.054348499999999,4,3,1,0,0,0.75,5.062174,1,0,0.007825999999986344,0,0,1,0,0.007825999999986344,0,0,1,0,0.007825999999986344,0,0
fixed_500ms,main,fixed,0.08,0.15,0.5,A03,A03_a_blues_tension.mid,1c61cef65142077e0ea54a46832f15bf535a35b23c920ee8e40193b877467fd4,13,4.166669999999999,3,2,1,0,0,0.6666666666666666,4.271114,1,0,0.10444399999998666,0,0,1,0,0.10444399999998666,0,0,1,0,0.10444399999998666,0,0
fixed_500ms,main,fixed,0.08,0.15,0.5,A04,A04_classical_antecedent.mid,3b1b42414601831b09678bb49b714e6512be53f451a517170b48c6c3addb07f1,10,4.6499999999999995,5,3,2,1,0,0.6,1.860000;4.710000,1,1,0.059999999999986287,1,0,1,1,0.059999999999986287,1,0,1,1,0.059999999999986287,1,0
fixed_500ms,main,fixed,0.08,0.15,0.5,A05,A05_repetition_tail.mid,c615435e6cf9b0af8c8e4a2d9b7f28ccef90f4cc20ddffc10e23c15ec2296b28,12,4.182691749999999,3,1,2,1,0,0.3333333333333333,2.679230;4.265769,1,1,0.08307699999998608,1,0,1,1,0.08307699999998608,1,0,1,1,0.08307699999998608,1,0
fixed_500ms,main,fixed,0.08,0.15,0.5,A06,A06_syncopated_pop.mid,25a2a2e4aea59cacc8434b36ae5173bd34aaa66ee7eec8c2e460f3f72addaf0e,12,4.3867945,1,0,1,0,0,0.0,4.763775,1,0,0.3769809999999856,0,0,1,0,0.3769809999999856,0,0,1,0,0.3769809999999856,0,0
fixed_500ms,main,fixed,0.08,0.15,0.5,A07,A07_sparse_long_tones.mid,fb6faee9d721a971b5d6388dc979e5a15c26d45366bfef7ade9a8f82eec3358d,6,5.454543999999999,6,0,6,5,0,0.0,0.650000;1.682727;2.705454;3.898635;4.580453;5.432726,1,5,-0.021818000000013882,5,0,1,5,-0.021818000000013882,5,0,1,5,-0.021818000000013882,5,0
fixed_500ms,main,fixed,0.08,0.15,0.5,A08,A08_dense_eighth_motion.mid,48faeb92585381b6928f2dc31a3119ec234d815efc25ec9d1ba67538fc3f6b41,16,4.285712000000002,1,0,1,0,0,0.0,4.677855,1,0,0.3921429999999857,0,0,1,0,0.3921429999999857,0,0,1,0,0.3921429999999857,0,0
fixed_500ms,main,fixed,0.08,0.15,0.5,A09,A09_arched_contour.mid,91acd677fdf9a30e64f3584796b5fc38d648b1ddf3785f4d6a6445102c15ee7c,11,4.6875,2,0,2,1,0,0.0,2.535000;4.722500,1,1,0.03499999999998593,1,0,1,1,0.03499999999998593,1,0,1,1,0.03499999999998593,1,0
fixed_500ms,main,fixed,0.08,0.15,0.5,A10,A10_leap_gap_fill.mid,6639c3bceab3644ea59e759d1e92e76bcc9a082b5edaea30893d44682f7f3a97,13,4.6499999999999995,3,2,1,0,0,0.6666666666666666,4.860000,1,0,0.20999999999998575,0,0,1,0,0.20999999999998575,0,0,1,0,0.20999999999998575,0,0
fixed_500ms,main,fixed,0.08,0.15,0.5,R01,R01_390-v1.mid,e44793c8c043f7c92184c6189f5e7b1af47c202aaa6df435a76a4d26268313aa,13,4.0,2,0,2,1,0,0.0,1.799583;4.549583,0,-1,,2,1,1,1,0.5495833333333193,1,0,1,1,0.5495833333333193,1,0
fixed_500ms,main,fixed,0.08,0.15,0.5,R02,R02_667-v3.mid,af3cbab9e93480a553c9a217fc1abefdf3db788d071132050fca4cbfe862cdaa,8,4.0,1,0,1,1,0,0.0,3.812083,0,-1,,1,1,0,-1,,1,1,0,-1,,1,1
fixed_500ms,main,fixed,0.08,0.15,0.5,R03,R03_174-v2.mid,88f11f634584a21ce30b0dc39c608cde9da43c7936400bba985f8702ecf9e962,12,3.9999999999999996,2,0,2,1,0,0.0,2.007917;4.632917,0,-1,,2,1,1,1,0.6329166666666528,1,0,1,1,0.6329166666666528,1,0
fixed_500ms,main,fixed,0.08,0.15,0.5,R04,R04_339-v2.mid,828aff4f088b889d0715fee3e65e9243f89520710a795fa7e4b585407a7da650,9,3.817708333333333,1,0,1,0,0,0.0,4.267292,1,0,0.4495833333333197,0,0,1,0,0.4495833333333197,0,0,1,0,0.4495833333333197,0,0
fixed_500ms,main,fixed,0.08,0.15,0.5,R05,R05_581.mid,766b0c79d6f6905d1c32f244469b14bf48cb861e79ceede6ac2ee1929437dcf4,13,4.0,1,0,1,0,0,0.0,4.531875,0,-1,,1,1,1,0,0.5318749999999861,0,0,1,0,0.5318749999999861,0,0
fixed_500ms,main,fixed,0.08,0.15,0.5,R06,R06_132-v2.mid,e1ccff44d4528b8e4af0e40bdc4699a89e46169a5a6c766acc8ac50740c17bc4,15,4.0,2,0,2,1,0,0.0,1.604792;4.604792,0,-1,,2,1,1,1,0.6047916666666531,1,0,1,1,0.6047916666666531,1,0
fixed_500ms,main,fixed,0.08,0.15,0.5,R07,R07_664-v2.mid,d84d97d7bfa78ff716110978692047e182ce9f01efee7a44f583544e113fed69,11,4.0,2,0,2,1,0,0.0,2.550625;4.550625,0,-1,,2,1,1,1,0.5506249999999859,1,0,1,1,0.5506249999999859,1,0
fixed_500ms,main,fixed,0.08,0.15,0.5,R08,R08_266-v1.mid,a60f28e61f3323d5039cd94cdaea65c36ca0311962a73686837cf9dfdde0799d,8,4.0,1,0,1,1,0,0.0,3.660000,0,-1,,1,1,0,-1,,1,1,0,-1,,1,1
fixed_500ms,main,fixed,0.08,0.15,0.5,R09,R09_433.mid,e1f859f9f55ce2a1718a88f1ce5f88ffffd035cd2ac61aeba9f71e42eb3d1658,23,4.000000000000001,1,0,1,0,0,0.0,4.627708,0,-1,,1,1,1,0,0.6277083333333193,0,0,1,0,0.6277083333333193,0,0
fixed_500ms,main,fixed,0.08,0.15,0.5,R10,R10_039-v2.mid,25635c75dc841999c02ffb9b7d67ef21f421bef585b28e0635701689b574a8f6,11,4.000000000000001,2,0,2,1,0,0.0,3.305833;4.515208,0,-1,,2,1,1,1,0.5152083333333195,1,0,1,1,0.5152083333333195,1,0
fixed_500ms,main,fixed,0.08,0.15,0.5,R11,R11_538.mid,676637ee06573aad6e8ea80367346578ac11b8ed36c9f8ce5702eda3643830ab,20,3.921875,1,0,1,0,0,0.0,4.405833,1,0,0.4839583333333195,0,0,1,0,0.4839583333333195,0,0,1,0,0.4839583333333195,0,0
fixed_500ms,main,fixed,0.08,0.15,0.5,R12,R12_457.mid,151dd04bd54d11512876bab817410ae94fb81547894ff0a3b96401968101f6df,13,4.0,3,0,3,2,0,0.0,2.241250;3.491250;4.616250,0,-1,,3,1,1,2,0.6162499999999858,2,0,1,2,0.6162499999999858,2,0
fixed_500ms,main,fixed,0.08,0.15,0.5,R13,R13_353-v1.mid,ef59a3cdc969d70fd54c9cd52a37e30deb9772958305ace368edde9ea5afc7c3,11,4.0,2,0,2,1,0,0.0,1.614167;4.614167,0,-1,,2,1,1,1,0.6141666666666525,1,0,1,1,0.6141666666666525,1,0
fixed_500ms,main,fixed,0.08,0.15,0.5,R14,R14_073.mid,6014529ddd8b96a82fd599bf2e0268f5da21dad2080ba59e69de225512a58ee3,12,3.939583333333333,2,1,1,0,0,0.5,4.477708,0,-1,,1,1,1,0,0.5381249999999858,0,0,1,0,0.5381249999999858,0,0
fixed_500ms,main,fixed,0.08,0.15,0.5,R15,R15_156-v2.mid,d6ae647242ceff286d61867ebb06ee767c382eed20c618f7988a94d4733b7d8d,9,4.0,2,0,2,1,0,0.0,3.331875;4.581875,0,-1,,2,1,1,1,0.5818749999999859,1,0,1,1,0.5818749999999859,1,0
fixed_500ms,main,fixed,0.08,0.15,0.5,R16,R16_249.mid,32c21206c709d04269f4de5a9705ca310189a55c657a53ea8612ed3c5ac480dd,8,4.0,2,0,2,1,0,0.0,0.790625;4.300625,1,1,0.30062499999998593,1,0,1,1,0.30062499999998593,1,0,1,1,0.30062499999998593,1,0
fixed_500ms,main,fixed,0.08,0.15,0.5,R17,R17_319.mid,7b40b95a494f202130093514531c7232c45d539c2a7ebafe5dee64fac4bc0e7e,18,4.0,2,0,2,1,0,0.0,0.705208;4.590208,0,-1,,2,1,1,1,0.5902083333333197,1,0,1,1,0.5902083333333197,1,0
fixed_500ms,main,fixed,0.08,0.15,0.5,R18,R18_249.mid,0dc5853f595ca79ae339d76ccf661f166c739dba3b0cb0d66eeb860ef17dd7c0,9,4.0,1,0,1,1,0,0.0,3.800625,0,-1,,1,1,0,-1,,1,1,0,-1,,1,1
fixed_500ms,main,fixed,0.08,0.15,0.5,R19,R19_733.mid,73dc520e4f2e19e784486fb5160d0686a1f7d90b81c9bb57b8e6478f3b2032fe,10,4.0,2,0,2,1,0,0.0,1.499583;4.249583,1,1,0.2495833333333195,1,0,1,1,0.2495833333333195,1,0,1,1,0.2495833333333195,1,0
fixed_500ms,main,fixed,0.08,0.15,0.5,R20,R20_660.mid,a3a01235dabd1fd09f3b7047e7b59bee8af87f41bc4456aa3e261bc412d6998a,8,3.983333333333334,2,0,2,1,0,0.0,0.942708;4.452708,1,1,0.46937499999998655,1,0,1,1,0.46937499999998655,1,0,1,1,0.46937499999998655,1,0
fixed_500ms,main,fixed,0.08,0.15,0.5,R21,R21_756-v2.mid,7b479a282dd8ac5742239c1fda08a8a89a1834843d91b2b219beaa12a020ebdc,8,4.0,4,0,4,3,0,0.0,1.750625;3.000625;3.750625;4.500625,0,-1,,4,1,1,3,0.5006249999999861,3,0,1,3,0.5006249999999861,3,0
fixed_500ms,main,fixed,0.08,0.15,0.5,R22,R22_156.mid,530aaba96af00f7031edd5c0b26b6a257808c3f3d7df6c3d36f325fc29229487,10,4.0,2,0,2,1,0,0.0,3.331875;4.581875,0,-1,,2,1,1,1,0.5818749999999859,1,0,1,1,0.5818749999999859,1,0
fixed_500ms,main,fixed,0.08,0.15,0.5,R23,R23_645.mid,4089adb020ffa2aa242ec57c10ef8efd9ad726c8c6bf22e335e91d65a5783ac4,12,3.9999999999999996,3,1,2,1,0,0.3333333333333333,3.008958;4.508958,0,-1,,2,1,1,1,0.5089583333333194,1,0,1,1,0.5089583333333194,1,0
fixed_500ms,main,fixed,0.08,0.15,0.5,R24,R24_242-v2.mid,5a18cae5a6fd996e3688bb05a6723665c26e561d21b88c112d65d4a6bdb51fca,15,4.000000000000001,3,1,2,1,0,0.3333333333333333,3.096458;4.596458,0,-1,,2,1,1,1,0.5964583333333193,1,0,1,1,0.5964583333333193,1,0
fixed_500ms,main,fixed,0.08,0.15,0.5,R25,R25_618-v1.mid,56ff3fa00dc9e75c7913306f4a8cede335d24189bb8e26cfce827120f12743c7,10,4.0,2,0,2,1,0,0.0,3.091250;4.591250,0,-1,,2,1,1,1,0.5912499999999863,1,0,1,1,0.5912499999999863,1,0
fixed_500ms,main,fixed,0.08,0.15,0.5,R26,R26_560-v1.mid,f0d0a16aff422f9a5877f2944cdd0b959b4801aa449310959626fa7dbd7a6edb,15,3.951041666666667,2,0,2,1,0,0.0,1.732917;4.482917,0,-1,,2,1,1,1,0.5318749999999861,1,0,1,1,0.5318749999999861,1,0
fixed_500ms,main,fixed,0.08,0.15,0.5,R27,R27_735.mid,c6fabc901af844a2236d5a2956bd48e11d7952607af238e872c0dc7f65dbaa6f,16,4.0,3,2,1,0,0,0.6666666666666666,4.600625,0,-1,,1,1,1,0,0.6006249999999858,0,0,1,0,0.6006249999999858,0,0
fixed_500ms,main,fixed,0.08,0.15,0.5,R28,R28_804-v3.mid,f2326f94ae3ec36fd956ed7a74f507c37dfaeae99fddbfc7f2cbf87414f92030,11,3.9802083333333336,2,0,2,1,0,0.0,2.541250;4.541250,0,-1,,2,1,1,1,0.5610416666666529,1,0,1,1,0.5610416666666529,1,0
fixed_500ms,main,fixed,0.08,0.15,0.5,R29,R29_846-v2.mid,b750d5ab04a7fcc02298fea281e624dbc92dd1640a17037e580bb5b845ab517b,12,4.0,2,0,2,1,0,0.0,2.657917;4.407917,1,1,0.4079166666666527,1,0,1,1,0.4079166666666527,1,0,1,1,0.4079166666666527,1,0
fixed_500ms,main,fixed,0.08,0.15,0.5,R30,R30_002-v2.mid,3b8c10e5c6886af05080687f0bc745791d33e73b2cec916337c1799e43024254,19,4.0,1,0,1,0,0,0.0,4.607917,0,-1,,1,1,1,0,0.6079166666666529,0,0,1,0,0.6079166666666529,0,0
fixed_500ms,main,fixed,0.08,0.15,0.5,R31,R31_069-v5.mid,ad5859e7014674fc2b088288d32445f60e2790c868a97bae22f5c6c6f7a9c906,10,4.0,1,0,1,0,0,0.0,4.049583,1,0,0.049583333333319324,0,0,1,0,0.049583333333319324,0,0,1,0,0.049583333333319324,0,0
fixed_500ms,main,fixed,0.08,0.15,0.5,R32,R32_290-v2.mid,b6d63759467030d9561098d602d2077dba3fd2e6533d64bc6401940ec9398bd7,11,4.0,3,0,3,2,0,0.0,0.991667;3.001667;4.501667,0,-1,,3,1,1,2,0.5016666666666527,2,0,1,2,0.5016666666666527,2,0
fixed_500ms,main,fixed,0.08,0.15,0.5,R33,R33_144-v1.mid,14914529875824c38e895baf4969bc1f01031d5a20038d87474333091ce8bf16,21,4.0,1,0,1,0,0,0.0,4.648542,0,-1,,1,1,1,0,0.6485416666666532,0,0,1,0,0.6485416666666532,0,0
fixed_500ms,main,fixed,0.08,0.15,0.5,R34,R34_680-v3.mid,193fa77f9af23482857e237a7f27c3f78c79243d9a1ffca85d491c191040a3d9,15,4.0,2,0,2,1,0,0.0,1.778750;4.528750,0,-1,,2,1,1,1,0.5287499999999863,1,0,1,1,0.5287499999999863,1,0
fixed_500ms,main,fixed,0.08,0.15,0.5,R35,R35_436-v2.mid,0db58df01ff0e7ef7665b41a914d45f2c8da7ce346a391eafaadda58c2fbcbd1,8,3.9999999999999996,2,0,2,1,0,0.0,1.804792;4.554792,0,-1,,2,1,1,1,0.5547916666666528,1,0,1,1,0.5547916666666528,1,0
fixed_500ms,main,fixed,0.08,0.15,0.5,R36,R36_230.mid,292e936198ef29131aa14fa25acb693df0d1183ea1dde8ce70b941f2378a5b3c,11,4.0,2,0,2,1,0,0.0,1.982917;4.482917,1,1,0.4829166666666529,1,0,1,1,0.4829166666666529,1,0,1,1,0.4829166666666529,1,0
fixed_500ms,main,fixed,0.08,0.15,0.5,R37,R37_667-v3.mid,3423caa4b45632a7f2c919a198ed678b6eb9786448d01e549dc32a5398afcf9f,7,4.0,3,0,3,2,0,0.0,0.802083;3.062083;4.562083,0,-1,,3,1,1,2,0.5620833333333195,2,0,1,2,0.5620833333333195,2,0
fixed_500ms,main,fixed,0.08,0.15,0.5,R38,R38_136.mid,3abb38ce19d8de517c62b2014f88ea09cffbe9e6bf5ed9c01ed0c1155a8acbe5,14,4.0,1,0,1,0,0,0.0,4.580833,0,-1,,1,1,1,0,0.5808333333333193,0,0,1,0,0.5808333333333193,0,0
fixed_500ms,main,fixed,0.08,0.15,0.5,R39,R39_578-v3.mid,fceb1f97ce180f42e04547ff0aa0b9478cd06770ac604a3832d919926ad92aa7,16,4.0,1,0,1,0,0,0.0,4.658958,0,-1,,1,1,1,0,0.6589583333333193,0,0,1,0,0.6589583333333193,0,0
fixed_500ms,main,fixed,0.08,0.15,0.5,R40,R40_454.mid,d848f11068ba98d752767ac7826bc58b93c22e9b031ee710f0fae41eccde2eec,12,3.9187499999999997,1,0,1,0,0,0.0,4.494375,0,-1,,1,1,1,0,0.5756249999999858,0,0,1,0,0.5756249999999858,0,0
fixed_500ms,main,fixed,0.08,0.15,0.5,P001,P001_pop909_clear_motif_melody_298_bridge.mid,8b00372060ba7b623d803e3af7e70f5ef60b65f66816ad377f725005f4c84fa9,10,4.948456,4,2,2,1,0,0.5,3.777270;5.323662,1,1,0.37520604791665235,1,0,1,1,0.37520604791665235,1,0,1,1,0.37520604791665235,1,0
fixed_500ms,main,fixed,0.08,0.15,0.5,P002,P002_pop909_clear_motif_melody_248_bridge.mid,ccb942640a73e3e0122c796c0971c8f675a924861614fa62562f002ab9ef196d,10,3.478248,2,1,1,0,0,0.5,3.695315,1,0,0.217066856249986,0,0,1,0,0.217066856249986,0,0,1,0,0.217066856249986,0,0
fixed_500ms,main,fixed,0.08,0.15,0.5,P003,P003_pop909_clear_motif_melody_339_melody.mid,628d1079f63c4bf7a08c4ee78f0765919be119f7b82f8dc3ffde83afbb2238ec,10,6.3124899,3,0,3,2,0,0.0,2.088817;3.755481;6.672143,1,2,0.35965325833331896,2,0,1,2,0.35965325833331896,2,0,1,2,0.35965325833331896,2,0
fixed_500ms,main,fixed,0.08,0.15,0.5,P004,P004_pop909_clear_motif_melody_268_melody.mid,e1ad81a5ae674340b836f4d87a0f82f0920845ccc4214feb28ccf9b9603f0948,10,8.0,2,0,2,1,0,0.0,0.987500;7.997500,1,1,-0.0025000000000137135,1,0,1,1,-0.0025000000000137135,1,0,1,1,-0.0025000000000137135,1,0
fixed_500ms,main,fixed,0.08,0.15,0.5,P005,P005_pop909_clear_motif_melody_021_melody.mid,a1fe99526a41a4b56b5a507d209dd13d4105ef53e85d25dd53ce7e9ee5915ff3,10,4.13157275,3,1,2,1,0,0.3333333333333333,1.543771;4.438503,1,1,0.3069303541666528,1,0,1,1,0.3069303541666528,1,0,1,1,0.3069303541666528,1,0
fixed_500ms,main,fixed,0.08,0.15,0.5,P006,P006_pop909_clear_motif_melody_220_melody.mid,81d85ebdbdb62cf3dd0eb82602b7fe26907e395242e71f5bb78ef112438b09cc,10,3.870936,3,0,3,2,0,0.0,1.825313;3.034981;4.365615,1,2,0.4946787749999859,2,0,1,2,0.4946787749999859,2,0,1,2,0.4946787749999859,2,0
fixed_500ms,main,fixed,0.08,0.15,0.5,P007,P007_pop909_clear_motif_melody_273_melody.mid,b6f10983b8aa291a839fc6e5232bc1920fa3b1e354e6e03e788a7a6b17af9d59,10,6.48648,2,0,2,2,0,0.0,2.430268;4.457293,0,-1,,2,1,0,-1,,2,1,0,-1,,2,1
fixed_500ms,main,fixed,0.08,0.15,0.5,P008,P008_pop909_clear_motif_melody_713_melody.mid,cc0088d140a0c7f748d7a717a6f796eed7338f6a4d8889e8e2eebd7fab8f8f51,10,5.454544,3,0,3,2,0,0.0,1.246648;2.610284;6.019374,0,-1,,3,1,1,2,0.5648295708333189,2,0,1,2,0.5648295708333189,2,0
fixed_500ms,main,fixed,0.08,0.15,0.5,P009,P009_pop909_clear_motif_melody_328_melody.mid,e8885a270c794ef4d50b9e6e050e3a0d3d8301d178169d86d88126123dbf06e2,10,5.333328,2,0,2,1,0,0.0,1.734999;5.734995,1,1,0.4016669249999856,1,0,1,1,0.4016669249999856,1,0,1,1,0.4016669249999856,1,0
fixed_500ms,main,fixed,0.08,0.15,0.5,P010,P010_pop909_clear_motif_melody_407_melody.mid,42e7658af7a87529d58b908a6d60cc195eeb297cdd129a98e1cb2649ce5aecce,10,6.15,3,0,3,3,0,0.0,1.476667;3.935000;4.660000,0,-1,,3,1,0,-1,,3,1,0,-1,,3,1
fixed_500ms,main,fixed,0.08,0.15,0.5,P011,P011_pop909_clear_motif_melody_119_melody.mid,896c48c32a15cf85bd286aa4436d0a697c9a91692eb0fb128687d212976619d5,10,7.272728,3,0,3,2,0,0.0,1.978182;5.614546;7.887273,0,-1,,3,1,1,2,0.6145454499999863,2,0,1,2,0.6145454499999863,2,0
fixed_500ms,main,fixed,0.08,0.15,0.5,P012,P012_pop909_clear_motif_melody_188_melody.mid,54bf4eb2f8bff2ccd5d214afc84523384678bdefdf3145e821781182c58bc003,10,4.363632000000001,3,0,3,2,0,0.0,1.220227;3.402043;4.765678,1,2,0.40204571249998633,2,0,1,2,0.40204571249998633,2,0,1,2,0.40204571249998633,2,0
fixed_500ms,main,fixed,0.08,0.15,0.5,P013,P013_pop909_expressive_rubato_203_bridge.mid,d94792fd3118efad79013d413549904951e6acf204434771004ef7b6bac68e4a,9,3.000000000000001,3,0,3,2,0,0.0,1.233958;2.733958;3.483958,1,2,0.48395833333331906,2,0,1,2,0.48395833333331906,2,0,1,2,0.48395833333331906,2,0
fixed_500ms,main,fixed,0.08,0.15,0.5,P014,P014_pop909_expressive_rubato_203_bridge.mid,d78dea53ea8b5558568755412ec7c72b704ce448c1990fbb631bad2aba3c7411,9,3.0,2,0,2,1,0,0.0,1.233958;3.483958,1,1,0.4839583333333195,1,0,1,1,0.4839583333333195,1,0,1,1,0.4839583333333195,1,0
fixed_500ms,main,fixed,0.08,0.15,0.5,P015,P015_pop909_expressive_rubato_263_bridge.mid,fdbb28e369fed211abc0a0b53b2006a331c357c454f4284639fd36961d3aac40,16,5.333328000000002,5,0,5,4,0,0.0,0.805555;2.148887;2.815553;3.482219;5.815550,1,4,0.4822223999999862,4,0,1,4,0.4822223999999862,4,0,1,4,0.4822223999999862,4,0
fixed_500ms,main,fixed,0.08,0.15,0.5,P016,P016_pop909_expressive_rubato_617_bridge.mid,37d4c7b2c4a5856f926b9e67a662ac676aa83beca73c7dfc2dd6c188e52a38a4,4,1.3348119999999997,2,0,2,1,0,0.0,0.805728;1.983689,0,-1,,2,1,1,1,0.6488765666666525,1,0,1,1,0.6488765666666525,1,0
fixed_500ms,main,fixed,0.08,0.15,0.5,P017,P017_pop909_expressive_rubato_178_bridge.mid,cfbf91b1d04e90e9d2e6b6f7ddd9fc480393f1166fde55646495523c989f5d8e,20,6.760552000000001,5,0,5,4,0,0.0,1.279717;2.124786;4.659993;5.505062;7.195200,1,4,0.43464826666665246,4,0,1,4,0.43464826666665246,4,0,1,4,0.43464826666665246,4,0
fixed_500ms,main,fixed,0.08,0.15,0.5,P018,P018_pop909_expressive_rubato_191_bridge.mid,b6e56889014ca3786b340c447e92d66f50ed149b21600186179487f5799f9b73,22,7.272727999999999,5,0,5,4,0,0.0,0.765530;2.593712;4.411894;6.230076;7.820986,0,-1,,5,1,1,4,0.5482575645833192,4,0,1,4,0.5482575645833192,4,0
fixed_500ms,main,fixed,0.08,0.15,0.5,P019,P019_pop909_expressive_rubato_178_bridge.mid,51d4e82b5c0b217263d7a849828b0f05a8411876b0a87f85f4c175bf27767739,20,6.760551999999999,4,0,4,3,0,0.0,1.279717;2.124786;4.749782;7.406468,0,-1,,4,1,1,3,0.645915516666653,3,0,1,3,0.645915516666653,3,0
fixed_500ms,main,fixed,0.08,0.15,0.5,P020,P020_pop909_expressive_rubato_212_bridge.mid,6f5eee7b1684521d31dac9b4e36649e423a8ce813df0a5f142967525e2bf2e17,17,5.783128,3,0,3,2,0,0.0,0.693675;3.233793;6.125357,1,2,0.3422291645833191,2,0,1,2,0.3422291645833191,2,0,1,2,0.3422291645833191,2,0
fixed_500ms,main,fixed,0.08,0.15,0.5,P021,P021_pop909_chord_arpeggio_polyphonic_227_piano.mid,41b21fee0bca14bd00917fcf3d879b2fcebb9856fef2228a36e0b912e58444c9,18,7.1641759999999985,1,0,1,0,0,0.0,7.641340,1,0,0.4771642583333193,0,0,1,0,0.4771642583333193,0,0,1,0,0.4771642583333193,0,0
fixed_500ms,main,fixed,0.08,0.15,0.5,P022,P022_pop909_chord_arpeggio_polyphonic_003_piano.mid,ea9963c2ef0400f7458ed0b378c21cc36273462aabccb9685efcd21625bbdcfd,19,2.9268239999999985,2,1,1,0,0,0.5,3.426763,1,0,0.49993931249998624,0,0,1,0,0.49993931249998624,0,0,1,0,0.49993931249998624,0,0
fixed_500ms,main,fixed,0.08,0.15,0.5,P023,P023_pop909_chord_arpeggio_polyphonic_222_piano.mid,bddeab49734bbbb17982dc09bdfaac6a8c2e1a112b7fd3464c5e7c9deadcfc94,19,6.1538400000000015,3,0,3,2,0,0.0,1.288204;4.557432;6.480507,1,2,0.3266669999999863,2,0,1,2,0.3266669999999863,2,0,1,2,0.3266669999999863,2,0
fixed_500ms,main,fixed,0.08,0.15,0.5,P024,P024_pop909_chord_arpeggio_polyphonic_287_piano.mid,ec7a6fe844d8678913cee3e05d68bc85d02d45d316e498dcfe79e58c814953c2,26,6.9347729000000005,8,0,8,7,0,0.0,0.825724;1.705288;2.574852;3.444416;4.313980;5.183544;6.053108;6.922672,1,7,-0.012100508333348081,7,0,1,7,-0.012100508333348081,7,0,1,7,-0.012100508333348081,7,0
fixed_500ms,main,fixed,0.08,0.15,0.5,P025,P025_pop909_chord_arpeggio_polyphonic_566_piano.mid,52dae62297b7cdeff27e0bea0925c8bebbbb999e9935efba566c8ffc51c206e8,22,5.783128,1,0,1,0,0,0.0,6.262405,1,0,0.4792772499999858,0,0,1,0,0.4792772499999858,0,0,1,0,0.4792772499999858,0,0
fixed_500ms,main,fixed,0.08,0.15,0.5,P026,P026_pop909_chord_arpeggio_polyphonic_106_piano.mid,5a21694b1c7abc6be7e5c6ee6dd6611dbca54dacb44c602d9f7dc226f5eaad89,28,7.1641759999999985,4,0,4,3,0,0.0,3.673058;4.568580;5.464102;7.702907,0,-1,,4,1,1,3,0.5387313958333193,3,0,1,3,0.5387313958333193,3,0
fixed_500ms,main,fixed,0.08,0.15,0.5,P027,P027_pop909_chord_arpeggio_polyphonic_218_piano.mid,3d2716434e914a4c1b7b0fee64a762d631c9eb844e328c4f880eb95f36c370a6,32,7.0588159999999975,2,0,2,1,0,0.0,1.215146;7.612198,0,-1,,2,1,1,1,0.5533824666666529,1,0,1,1,0.5533824666666529,1,0
fixed_500ms,main,fixed,0.08,0.15,0.5,P028,P028_pop909_chord_arpeggio_polyphonic_242_piano.mid,cd5c6e16ed3247ea34a6331d4c2e4dd980c5793b2def6bf2d11ae3b4d6d7560e,27,7.868856,1,0,1,0,0,0.0,8.361069,1,0,0.49221304375005115,0,0,1,0,0.49221304375005115,0,0,1,0,0.49221304375005115,0,0
fixed_500ms,main,fixed,0.08,0.15,0.5,P029,P029_pop909_sparse_short_062_melody.mid,de331be603af62c8ecaeb6b4de4413d0dfe0f3c4a24efa36a90905ae0bb82a26,3,3.24324,2,0,2,1,0,0.0,1.964053;3.180268,1,1,-0.06297225000001427,1,0,1,1,-0.06297225000001427,1,0,1,1,-0.06297225000001427,1,0
fixed_500ms,main,fixed,0.08,0.15,0.5,P030,P030_pop909_sparse_short_062_melody.mid,f2c561cfdf3ae696074a8292cfd9b6e91d18a740bb99c9c5ad4661e2b5225717,3,2.12837625,1,0,1,1,0,0.0,1.148243,0,-1,,1,1,0,-1,,1,1,0,-1,,1,1
fixed_500ms,main,fixed,0.08,0.15,0.5,P031,P031_pop909_sparse_short_062_melody.mid,113bb580ca65ca779549df831e3b90b62932fe9eb9935891172b6636ee9e6079,3,3.24324,2,0,2,1,0,0.0,1.964053;3.180268,1,1,-0.06297225000001427,1,0,1,1,-0.06297225000001427,1,0,1,1,-0.06297225000001427,1,0
fixed_500ms,main,fixed,0.08,0.15,0.5,P032,P032_pop909_sparse_short_062_melody.mid,2638d2ec8832338b8f57a7147f9874c863c36279707599ffbd8782269c399746,3,3.24324,2,0,2,1,0,0.0,1.964053;3.180268,1,1,-0.06297225000001427,1,0,1,1,-0.06297225000001427,1,0,1,1,-0.06297225000001427,1,0
fixed_500ms,main,fixed,0.08,0.15,0.5,P033,P033_pop909_sparse_short_062_melody.mid,dcf51fe0bedf2f9e1acede760976dcde4a78650e163ec3c6ce86d970b4cc65c3,3,3.24324,2,0,2,1,0,0.0,1.964053;3.180268,1,1,-0.06297225000001427,1,0,1,1,-0.06297225000001427,1,0,1,1,-0.06297225000001427,1,0
fixed_500ms,main,fixed,0.08,0.15,0.5,P034,P034_pop909_dense_fast_095_bridge.mid,1eec4634489ebc2145d5d07f86a58778c994982c97d2dd5704238989cafe8164,49,1.7610275333333312,1,0,1,0,0,0.0,2.400807,0,-1,,1,1,1,0,0.6397794333333193,0,0,1,0,0.6397794333333193,0,0
fixed_500ms,main,fixed,0.08,0.15,0.5,P035,P035_pop909_dense_fast_351_bridge.mid,cce631ae36062ea5c6c5856ce61c72dee517b0d26fc59e569c45986becb91fa5,28,1.0351939999999993,1,0,1,0,0,0.0,1.622946,0,-1,,1,1,1,0,0.5877520854166534,0,0,1,0,0.5877520854166534,0,0
fixed_500ms,main,fixed,0.08,0.15,0.5,P036,P036_pop909_dense_fast_095_bridge.mid,8d7b860e3c98cfc78be2b1d435ac9d52da48b3df427707b2c9dc6e28266f4b58,38,1.6801452666666645,1,0,1,0,0,0.0,2.312572,0,-1,,1,1,1,0,0.6324264999999862,0,0,1,0,0.6324264999999862,0,0
fixed_500ms,main,fixed,0.08,0.15,0.5,P037,P037_pop909_dense_fast_095_bridge.mid,14ee870cca3317109b67f85cc0241e6678d38b8efed31130577d8d722e145a58,30,0.7977932666666666,1,0,1,0,0,0.0,1.430220,0,-1,,1,1,1,0,0.632426499999991,0,0,1,0,0.632426499999991,0,0
fixed_500ms,main,fixed,0.08,0.15,0.5,P038,P038_pop909_dense_fast_727_bridge.mid,4cec022a9c9e7dd2ec868ae3124b7089c195126defe23b8a3d440d2c7bbaf873,45,1.2854942770833329,1,0,1,0,0,0.0,1.903828,0,-1,,1,1,1,0,0.618333318749986,0,0,1,0,0.618333318749986,0,0
fixed_500ms,main,fixed,0.08,0.15,0.5,P039,P039_pop909_chromatic_outside_789_piano.mid,89dc01789fe23c4372b236cc806e6567b05346295e667c74639aa4642a3e304b,16,7.272728,4,0,4,4,0,0.0,1.588030;3.516061;4.883485;6.697879,0,-1,,4,1,0,-1,,4,1,0,-1,,4,1
fixed_500ms,main,fixed,0.08,0.15,0.5,P040,P040_pop909_chromatic_outside_064_piano.mid,76f70f424a678deaed9e02ef3b85db1c47a828b39689b0fb75fd6c5cd5f84a3f,23,7.562499999999999,1,0,1,1,0,0.0,7.443333,0,-1,,1,1,0,-1,,1,1,0,-1,,1,1
fixed_500ms,main,fixed,0.08,0.15,0.5,P041,P041_pop909_chromatic_outside_796_piano.mid,5313ed35276167210c99ca9b0d50773ad1c5a71997072b20b1653efba88eb36f,20,6.486488,1,0,1,0,0,0.0,7.026556,0,-1,,1,1,1,0,0.540067539583319,0,0,1,0,0.540067539583319,0,0
fixed_500ms,main,fixed,0.08,0.15,0.5,P042,P042_pop909_chromatic_outside_254_piano.mid,dfb97d893bd303a0043e98fe7c14dc376233ce114864c10be992cad37ef88538,24,3.3027539999999993,2,1,1,0,0,0.5,3.681791,1,0,0.3790365520833192,0,0,1,0,0.3790365520833192,0,0,1,0,0.3790365520833192,0,0
fixed_500ms,main,fixed,0.08,0.15,0.5,P043,P043_pop909_chromatic_outside_311_bridge.mid,8bb993a52d683a9b093e77f22d9fa6d3df633472edafb5a0056e4e19b5852902,14,7.5,3,0,3,2,0,0.0,1.745937;5.495937;7.995937,1,2,0.49593749999998593,2,0,1,2,0.49593749999998593,2,0,1,2,0.49593749999998593,2,0
fixed_500ms,main,fixed,0.08,0.15,0.5,P044,P044_pop909_false_ending_pause_322_bridge.mid,92fa6bc714e6881f40bd275254b082416486b9d155453539c6e2e9cce641a65c,7,4.633333333333333,3,2,1,1,0,0.6666666666666666,3.747500,0,-1,,1,1,0,-1,,1,1,0,-1,,1,1
fixed_500ms,main,fixed,0.08,0.15,0.5,P045,P045_pop909_false_ending_pause_008_bridge.mid,28ee69826748317d665163811014939ed01825addd8f2c9505d27364a6b4adc8,7,4.876923483333333,2,0,2,2,0,0.0,1.844615;3.690769,0,-1,,2,1,0,-1,,2,1,0,-1,,2,1
fixed_500ms,main,fixed,0.08,0.15,0.5,P046,P046_pop909_false_ending_pause_253_bridge.mid,0e6ab6a38b763c541fa954510aaf319efab974b676865fe44aaa2c2338435f50,7,5.9943121875,3,0,3,3,0,0.0,1.995226;3.472497;4.836132,0,-1,,3,1,0,-1,,3,1,0,-1,,3,1
fixed_500ms,main,fixed,0.08,0.15,0.5,P047,P047_pop909_false_ending_pause_396_melody.mid,45f3dedbc0915a84ff315fcf7040e15383bbafbc739845cd8f4e4db11fbe1207,7,3.8673180812499997,2,0,2,2,0,0.0,1.701899;3.042681,0,-1,,2,1,0,-1,,2,1,0,-1,,2,1
fixed_500ms,main,fixed,0.08,0.15,0.5,P048,P048_pop909_repetition_tail_234_bridge.mid,8edaf0b3c05cb78569d9801754c34b780426e21b3654154ff150d50ac4c12b59,8,4.000000000000001,2,0,2,1,0,0.0,2.766250;4.516250,0,-1,,2,1,1,1,0.5162499999999861,1,0,1,1,0.5162499999999861,1,0
fixed_500ms,main,fixed,0.08,0.15,0.5,P049,P049_pop909_repetition_tail_282_bridge.mid,b5bf7675db361f16e2641027f14dbd38a665a77edf6ca030a9254be54ddab400,8,5.691775224999999,3,0,3,2,0,0.0,3.550408;4.372325;6.016159,1,2,0.3243838916666526,2,0,1,2,0.3243838916666526,2,0,1,2,0.3243838916666526,2,0
fixed_500ms,main,fixed,0.08,0.15,0.5,P050,P050_pop909_repetition_tail_340_bridge.mid,92dfb3e992339ebac2e7204e10ece5a799d2ae91faeb4c2a0ff6f5611e0bfbac,8,5.245888,3,1,2,1,0,0.3333333333333333,3.347151;5.806161,0,-1,,2,1,1,1,0.5602734833333196,1,0,1,1,0.5602734833333196,1,0
fixed_800ms,main,fixed,0.08,0.15,0.8,A01,A01_c_pentatonic_balanced.mid,e7a1620ba70d4372e998376d91e2f55590448a9cf5878e969a0f70d410659845,14,4.8,1,0,1,0,0,0.0,5.310000,0,-1,,1,1,1,0,0.5099999999999794,0,0,1,0,0.5099999999999794,0,0
fixed_800ms,main,fixed,0.08,0.15,0.8,A02,A02_a_minor_pentatonic_question.mid,5166d8996017b0341f9265fc4539b25d09211f1cc291b1e25a4623e68b1bbc0e,12,5.054348499999999,1,0,1,0,0,0.0,5.362174,1,0,0.30782599999997995,0,0,1,0,0.30782599999997995,0,0,1,0,0.30782599999997995,0,0
fixed_800ms,main,fixed,0.08,0.15,0.8,A03,A03_a_blues_tension.mid,1c61cef65142077e0ea54a46832f15bf535a35b23c920ee8e40193b877467fd4,13,4.166669999999999,1,0,1,0,0,0.0,4.571114,1,0,0.40444399999998026,0,0,1,0,0.40444399999998026,0,0,1,0,0.40444399999998026,0,0
fixed_800ms,main,fixed,0.08,0.15,0.8,A04,A04_classical_antecedent.mid,3b1b42414601831b09678bb49b714e6512be53f451a517170b48c6c3addb07f1,10,4.6499999999999995,2,1,1,0,0,0.5,5.010000,1,0,0.3599999999999799,0,0,1,0,0.3599999999999799,0,0,1,0,0.3599999999999799,0,0
fixed_800ms,main,fixed,0.08,0.15,0.8,A05,A05_repetition_tail.mid,c615435e6cf9b0af8c8e4a2d9b7f28ccef90f4cc20ddffc10e23c15ec2296b28,12,4.182691749999999,2,1,1,0,0,0.5,4.565769,1,0,0.3830769999999797,0,0,1,0,0.3830769999999797,0,0,1,0,0.3830769999999797,0,0
fixed_800ms,main,fixed,0.08,0.15,0.8,A06,A06_syncopated_pop.mid,25a2a2e4aea59cacc8434b36ae5173bd34aaa66ee7eec8c2e460f3f72addaf0e,12,4.3867945,1,0,1,0,0,0.0,5.063775,0,-1,,1,1,1,0,0.6769809999999792,0,0,1,0,0.6769809999999792,0,0
fixed_800ms,main,fixed,0.08,0.15,0.8,A07,A07_sparse_long_tones.mid,fb6faee9d721a971b5d6388dc979e5a15c26d45366bfef7ade9a8f82eec3358d,6,5.454543999999999,5,1,4,3,0,0.2,0.950000;1.982727;3.005454;5.732726,1,3,0.2781819999999797,3,0,1,3,0.2781819999999797,3,0,1,3,0.2781819999999797,3,0
fixed_800ms,main,fixed,0.08,0.15,0.8,A08,A08_dense_eighth_motion.mid,48faeb92585381b6928f2dc31a3119ec234d815efc25ec9d1ba67538fc3f6b41,16,4.285712000000002,1,0,1,0,0,0.0,4.977855,0,-1,,1,1,1,0,0.6921429999999793,0,0,1,0,0.6921429999999793,0,0
fixed_800ms,main,fixed,0.08,0.15,0.8,A09,A09_arched_contour.mid,91acd677fdf9a30e64f3584796b5fc38d648b1ddf3785f4d6a6445102c15ee7c,11,4.6875,1,0,1,0,0,0.0,5.022500,1,0,0.33499999999997954,0,0,1,0,0.33499999999997954,0,0,1,0,0.33499999999997954,0,0
fixed_800ms,main,fixed,0.08,0.15,0.8,A10,A10_leap_gap_fill.mid,6639c3bceab3644ea59e759d1e92e76bcc9a082b5edaea30893d44682f7f3a97,13,4.6499999999999995,1,0,1,0,0,0.0,5.160000,0,-1,,1,1,1,0,0.5099999999999794,0,0,1,0,0.5099999999999794,0,0
fixed_800ms,main,fixed,0.08,0.15,0.8,R01,R01_390-v1.mid,e44793c8c043f7c92184c6189f5e7b1af47c202aaa6df435a76a4d26268313aa,13,4.0,2,0,2,1,0,0.0,2.099583;4.849583,0,-1,,2,1,1,1,0.8495833333333129,1,0,1,1,0.8495833333333129,1,0
fixed_800ms,main,fixed,0.08,0.15,0.8,R02,R02_667-v3.mid,af3cbab9e93480a553c9a217fc1abefdf3db788d071132050fca4cbfe862cdaa,8,4.0,1,0,1,0,0,0.0,4.112083,1,0,0.1120833333333131,0,0,1,0,0.1120833333333131,0,0,1,0,0.1120833333333131,0,0
fixed_800ms,main,fixed,0.08,0.15,0.8,R03,R03_174-v2.mid,88f11f634584a21ce30b0dc39c608cde9da43c7936400bba985f8702ecf9e962,12,3.9999999999999996,2,0,2,1,0,0.0,2.307917;4.932917,0,-1,,2,1,1,1,0.9329166666666464,1,0,1,1,0.9329166666666464,1,0
fixed_800ms,main,fixed,0.08,0.15,0.8,R04,R04_339-v2.mid,828aff4f088b889d0715fee3e65e9243f89520710a795fa7e4b585407a7da650,9,3.817708333333333,1,0,1,0,0,0.0,4.567292,0,-1,,1,1,1,0,0.7495833333333133,0,0,1,0,0.7495833333333133,0,0
fixed_800ms,main,fixed,0.08,0.15,0.8,R05,R05_581.mid,766b0c79d6f6905d1c32f244469b14bf48cb861e79ceede6ac2ee1929437dcf4,13,4.0,1,0,1,0,0,0.0,4.831875,0,-1,,1,1,1,0,0.8318749999999797,0,0,1,0,0.8318749999999797,0,0
fixed_800ms,main,fixed,0.08,0.15,0.8,R06,R06_132-v2.mid,e1ccff44d4528b8e4af0e40bdc4699a89e46169a5a6c766acc8ac50740c17bc4,15,4.0,1,0,1,0,0,0.0,4.904792,0,-1,,1,1,1,0,0.9047916666666467,0,0,1,0,0.9047916666666467,0,0
fixed_800ms,main,fixed,0.08,0.15,0.8,R07,R07_664-v2.mid,d84d97d7bfa78ff716110978692047e182ce9f01efee7a44f583544e113fed69,11,4.0,2,0,2,1,0,0.0,2.850625;4.850625,0,-1,,2,1,1,1,0.8506249999999795,1,0,1,1,0.8506249999999795,1,0
fixed_800ms,main,fixed,0.08,0.15,0.8,R08,R08_266-v1.mid,a60f28e61f3323d5039cd94cdaea65c36ca0311962a73686837cf9dfdde0799d,8,4.0,1,0,1,0,0,0.0,3.960000,1,0,-0.04000000000002002,0,0,1,0,-0.04000000000002002,0,0,1,0,-0.04000000000002002,0,0
fixed_800ms,main,fixed,0.08,0.15,0.8,R09,R09_433.mid,e1f859f9f55ce2a1718a88f1ce5f88ffffd035cd2ac61aeba9f71e42eb3d1658,23,4.000000000000001,1,0,1,0,0,0.0,4.927708,0,-1,,1,1,1,0,0.9277083333333129,0,0,1,0,0.9277083333333129,0,0
fixed_800ms,main,fixed,0.08,0.15,0.8,R10,R10_039-v2.mid,25635c75dc841999c02ffb9b7d67ef21f421bef585b28e0635701689b574a8f6,11,4.000000000000001,2,0,2,1,0,0.0,3.605833;4.815208,0,-1,,2,1,1,1,0.8152083333333131,1,0,1,1,0.8152083333333131,1,0
fixed_800ms,main,fixed,0.08,0.15,0.8,R11,R11_538.mid,676637ee06573aad6e8ea80367346578ac11b8ed36c9f8ce5702eda3643830ab,20,3.921875,1,0,1,0,0,0.0,4.705833,0,-1,,1,1,1,0,0.7839583333333131,0,0,1,0,0.7839583333333131,0,0
fixed_800ms,main,fixed,0.08,0.15,0.8,R12,R12_457.mid,151dd04bd54d11512876bab817410ae94fb81547894ff0a3b96401968101f6df,13,4.0,2,0,2,1,0,0.0,3.791250;4.916250,0,-1,,2,1,1,1,0.9162499999999794,1,0,1,1,0.9162499999999794,1,0
fixed_800ms,main,fixed,0.08,0.15,0.8,R13,R13_353-v1.mid,ef59a3cdc969d70fd54c9cd52a37e30deb9772958305ace368edde9ea5afc7c3,11,4.0,2,0,2,1,0,0.0,1.914167;4.914167,0,-1,,2,1,1,1,0.9141666666666461,1,0,1,1,0.9141666666666461,1,0
fixed_800ms,main,fixed,0.08,0.15,0.8,R14,R14_073.mid,6014529ddd8b96a82fd599bf2e0268f5da21dad2080ba59e69de225512a58ee3,12,3.939583333333333,1,0,1,0,0,0.0,4.777708,0,-1,,1,1,1,0,0.8381249999999794,0,0,1,0,0.8381249999999794,0,0
fixed_800ms,main,fixed,0.08,0.15,0.8,R15,R15_156-v2.mid,d6ae647242ceff286d61867ebb06ee767c382eed20c618f7988a94d4733b7d8d,9,4.0,2,0,2,1,0,0.0,3.631875;4.881875,0,-1,,2,1,1,1,0.8818749999999795,1,0,1,1,0.8818749999999795,1,0
fixed_800ms,main,fixed,0.08,0.15,0.8,R16,R16_249.mid,32c21206c709d04269f4de5a9705ca310189a55c657a53ea8612ed3c5ac480dd,8,4.0,2,0,2,1,0,0.0,1.095625;4.600625,0,-1,,2,1,1,1,0.6006249999999795,1,0,1,1,0.6006249999999795,1,0
fixed_800ms,main,fixed,0.08,0.15,0.8,R17,R17_319.mid,7b40b95a494f202130093514531c7232c45d539c2a7ebafe5dee64fac4bc0e7e,18,4.0,2,0,2,1,0,0.0,1.010208;4.890208,0,-1,,2,1,1,1,0.8902083333333133,1,0,1,1,0.8902083333333133,1,0
fixed_800ms,main,fixed,0.08,0.15,0.8,R18,R18_249.mid,0dc5853f595ca79ae339d76ccf661f166c739dba3b0cb0d66eeb860ef17dd7c0,9,4.0,1,0,1,0,0,0.0,4.100625,1,0,0.10062499999997954,0,0,1,0,0.10062499999997954,0,0,1,0,0.10062499999997954,0,0
fixed_800ms,main,fixed,0.08,0.15,0.8,R19,R19_733.mid,73dc520e4f2e19e784486fb5160d0686a1f7d90b81c9bb57b8e6478f3b2032fe,10,4.0,2,0,2,1,0,0.0,1.799583;4.549583,0,-1,,2,1,1,1,0.5495833333333131,1,0,1,1,0.5495833333333131,1,0
fixed_800ms,main,fixed,0.08,0.15,0.8,R20,R20_660.mid,a3a01235dabd1fd09f3b7047e7b59bee8af87f41bc4456aa3e261bc412d6998a,8,3.983333333333334,2,0,2,1,0,0.0,1.252708;4.752708,0,-1,,2,1,1,1,0.7693749999999802,1,0,1,1,0.7693749999999802,1,0
fixed_800ms,main,fixed,0.08,0.15,0.8,R21,R21_756-v2.mid,7b479a282dd8ac5742239c1fda08a8a89a1834843d91b2b219beaa12a020ebdc,8,4.0,2,0,2,1,0,0.0,2.050625;4.800625,0,-1,,2,1,1,1,0.8006249999999797,1,0,1,1,0.8006249999999797,1,0
fixed_800ms,main,fixed,0.08,0.15,0.8,R22,R22_156.mid,530aaba96af00f7031edd5c0b26b6a257808c3f3d7df6c3d36f325fc29229487,10,4.0,2,0,2,1,0,0.0,3.631875;4.881875,0,-1,,2,1,1,1,0.8818749999999795,1,0,1,1,0.8818749999999795,1,0
fixed_800ms,main,fixed,0.08,0.15,0.8,R23,R23_645.mid,4089adb020ffa2aa242ec57c10ef8efd9ad726c8c6bf22e335e91d65a5783ac4,12,3.9999999999999996,2,0,2,1,0,0.0,3.308958;4.808958,0,-1,,2,1,1,1,0.808958333333313,1,0,1,1,0.808958333333313,1,0
fixed_800ms,main,fixed,0.08,0.15,0.8,R24,R24_242-v2.mid,5a18cae5a6fd996e3688bb05a6723665c26e561d21b88c112d65d4a6bdb51fca,15,4.000000000000001,2,0,2,1,0,0.0,3.396458;4.896458,0,-1,,2,1,1,1,0.8964583333333129,1,0,1,1,0.8964583333333129,1,0
fixed_800ms,main,fixed,0.08,0.15,0.8,R25,R25_618-v1.mid,56ff3fa00dc9e75c7913306f4a8cede335d24189bb8e26cfce827120f12743c7,10,4.0,2,0,2,1,0,0.0,3.391250;4.891250,0,-1,,2,1,1,1,0.8912499999999799,1,0,1,1,0.8912499999999799,1,0
fixed_800ms,main,fixed,0.08,0.15,0.8,R26,R26_560-v1.mid,f0d0a16aff422f9a5877f2944cdd0b959b4801aa449310959626fa7dbd7a6edb,15,3.951041666666667,2,1,1,0,0,0.5,4.782917,0,-1,,1,1,1,0,0.8318749999999797,0,0,1,0,0.8318749999999797,0,0
fixed_800ms,main,fixed,0.08,0.15,0.8,R27,R27_735.mid,c6fabc901af844a2236d5a2956bd48e11d7952607af238e872c0dc7f65dbaa6f,16,4.0,1,0,1,0,0,0.0,4.900625,0,-1,,1,1,1,0,0.9006249999999794,0,0,1,0,0.9006249999999794,0,0
fixed_800ms,main,fixed,0.08,0.15,0.8,R28,R28_804-v3.mid,f2326f94ae3ec36fd956ed7a74f507c37dfaeae99fddbfc7f2cbf87414f92030,11,3.9802083333333336,2,0,2,1,0,0.0,2.841250;4.841250,0,-1,,2,1,1,1,0.8610416666666465,1,0,1,1,0.8610416666666465,1,0
fixed_800ms,main,fixed,0.08,0.15,0.8,R29,R29_846-v2.mid,b750d5ab04a7fcc02298fea281e624dbc92dd1640a17037e580bb5b845ab517b,12,4.0,1,0,1,0,0,0.0,4.707917,0,-1,,1,1,1,0,0.7079166666666463,0,0,1,0,0.7079166666666463,0,0
fixed_800ms,main,fixed,0.08,0.15,0.8,R30,R30_002-v2.mid,3b8c10e5c6886af05080687f0bc745791d33e73b2cec916337c1799e43024254,19,4.0,1,0,1,0,0,0.0,4.907917,0,-1,,1,1,1,0,0.9079166666666465,0,0,1,0,0.9079166666666465,0,0
fixed_800ms,main,fixed,0.08,0.15,0.8,R31,R31_069-v5.mid,ad5859e7014674fc2b088288d32445f60e2790c868a97bae22f5c6c6f7a9c906,10,4.0,1,0,1,0,0,0.0,4.349583,1,0,0.34958333333331293,0,0,1,0,0.34958333333331293,0,0,1,0,0.34958333333331293,0,0
fixed_800ms,main,fixed,0.08,0.15,0.8,R32,R32_290-v2.mid,b6d63759467030d9561098d602d2077dba3fd2e6533d64bc6401940ec9398bd7,11,4.0,3,0,3,2,0,0.0,1.301667;3.301667;4.801667,0,-1,,3,1,1,2,0.8016666666666463,2,0,1,2,0.8016666666666463,2,0
fixed_800ms,main,fixed,0.08,0.15,0.8,R33,R33_144-v1.mid,14914529875824c38e895baf4969bc1f01031d5a20038d87474333091ce8bf16,21,4.0,1,0,1,0,0,0.0,4.948542,0,-1,,1,1,1,0,0.9485416666666469,0,0,1,0,0.9485416666666469,0,0
fixed_800ms,main,fixed,0.08,0.15,0.8,R34,R34_680-v3.mid,193fa77f9af23482857e237a7f27c3f78c79243d9a1ffca85d491c191040a3d9,15,4.0,1,0,1,0,0,0.0,4.828750,0,-1,,1,1,1,0,0.8287499999999799,0,0,1,0,0.8287499999999799,0,0
fixed_800ms,main,fixed,0.08,0.15,0.8,R35,R35_436-v2.mid,0db58df01ff0e7ef7665b41a914d45f2c8da7ce346a391eafaadda58c2fbcbd1,8,3.9999999999999996,2,0,2,1,0,0.0,2.104792;4.854792,0,-1,,2,1,1,1,0.8547916666666464,1,0,1,1,0.8547916666666464,1,0
fixed_800ms,main,fixed,0.08,0.15,0.8,R36,R36_230.mid,292e936198ef29131aa14fa25acb693df0d1183ea1dde8ce70b941f2378a5b3c,11,4.0,2,0,2,1,0,0.0,2.282917;4.782917,0,-1,,2,1,1,1,0.7829166666666465,1,0,1,1,0.7829166666666465,1,0
fixed_800ms,main,fixed,0.08,0.15,0.8,R37,R37_667-v3.mid,3423caa4b45632a7f2c919a198ed678b6eb9786448d01e549dc32a5398afcf9f,7,4.0,2,0,2,1,0,0.0,1.107083;4.862083,0,-1,,2,1,1,1,0.8620833333333131,1,0,1,1,0.8620833333333131,1,0
fixed_800ms,main,fixed,0.08,0.15,0.8,R38,R38_136.mid,3abb38ce19d8de517c62b2014f88ea09cffbe9e6bf5ed9c01ed0c1155a8acbe5,14,4.0,1,0,1,0,0,0.0,4.880833,0,-1,,1,1,1,0,0.8808333333333129,0,0,1,0,0.8808333333333129,0,0
fixed_800ms,main,fixed,0.08,0.15,0.8,R39,R39_578-v3.mid,fceb1f97ce180f42e04547ff0aa0b9478cd06770ac604a3832d919926ad92aa7,16,4.0,1,0,1,0,0,0.0,4.958958,0,-1,,1,1,1,0,0.9589583333333129,0,0,1,0,0.9589583333333129,0,0
fixed_800ms,main,fixed,0.08,0.15,0.8,R40,R40_454.mid,d848f11068ba98d752767ac7826bc58b93c22e9b031ee710f0fae41eccde2eec,12,3.9187499999999997,1,0,1,0,0,0.0,4.794375,0,-1,,1,1,1,0,0.8756249999999794,0,0,1,0,0.8756249999999794,0,0
fixed_800ms,main,fixed,0.08,0.15,0.8,P001,P001_pop909_clear_motif_melody_298_bridge.mid,8b00372060ba7b623d803e3af7e70f5ef60b65f66816ad377f725005f4c84fa9,10,4.948456,2,0,2,1,0,0.0,4.077270;5.623662,0,-1,,2,1,1,1,0.675206047916646,1,0,1,1,0.675206047916646,1,0
fixed_800ms,main,fixed,0.08,0.15,0.8,P002,P002_pop909_clear_motif_melody_248_bridge.mid,ccb942640a73e3e0122c796c0971c8f675a924861614fa62562f002ab9ef196d,10,3.478248,1,0,1,0,0,0.0,3.995315,0,-1,,1,1,1,0,0.5170668562499796,0,0,1,0,0.5170668562499796,0,0
fixed_800ms,main,fixed,0.08,0.15,0.8,P003,P003_pop909_clear_motif_melody_339_melody.mid,628d1079f63c4bf7a08c4ee78f0765919be119f7b82f8dc3ffde83afbb2238ec,10,6.3124899,3,1,2,1,0,0.3333333333333333,4.055481;6.972143,0,-1,,2,1,1,1,0.6596532583333126,1,0,1,1,0.6596532583333126,1,0
fixed_800ms,main,fixed,0.08,0.15,0.8,P004,P004_pop909_clear_motif_melody_268_melody.mid,e1ad81a5ae674340b836f4d87a0f82f0920845ccc4214feb28ccf9b9603f0948,10,8.0,2,0,2,1,0,0.0,1.297500;8.287500,1,1,0.2875000000000316,1,0,1,1,0.2875000000000316,1,0,1,1,0.2875000000000316,1,0
fixed_800ms,main,fixed,0.08,0.15,0.8,P005,P005_pop909_clear_motif_melody_021_melody.mid,a1fe99526a41a4b56b5a507d209dd13d4105ef53e85d25dd53ce7e9ee5915ff3,10,4.13157275,2,0,2,1,0,0.0,1.843771;4.738503,0,-1,,2,1,1,1,0.6069303541666464,1,0,1,1,0.6069303541666464,1,0
fixed_800ms,main,fixed,0.08,0.15,0.8,P006,P006_pop909_clear_motif_melody_220_melody.mid,81d85ebdbdb62cf3dd0eb82602b7fe26907e395242e71f5bb78ef112438b09cc,10,3.870936,1,0,1,0,0,0.0,4.665615,0,-1,,1,1,1,0,0.7946787749999795,0,0,1,0,0.7946787749999795,0,0
fixed_800ms,main,fixed,0.08,0.15,0.8,P007,P007_pop909_clear_motif_melody_273_melody.mid,b6f10983b8aa291a839fc6e5232bc1920fa3b1e354e6e03e788a7a6b17af9d59,10,6.48648,2,1,1,1,0,0.5,4.757293,0,-1,,1,1,0,-1,,1,1,0,-1,,1,1
fixed_800ms,main,fixed,0.08,0.15,0.8,P008,P008_pop909_clear_motif_melody_713_melody.mid,cc0088d140a0c7f748d7a717a6f796eed7338f6a4d8889e8e2eebd7fab8f8f51,10,5.454544,2,0,2,1,0,0.0,2.910284;6.319374,0,-1,,2,1,1,1,0.8648295708333125,1,0,1,1,0.8648295708333125,1,0
fixed_800ms,main,fixed,0.08,0.15,0.8,P009,P009_pop909_clear_motif_melody_328_melody.mid,e8885a270c794ef4d50b9e6e050e3a0d3d8301d178169d86d88126123dbf06e2,10,5.333328,2,0,2,1,0,0.0,2.034999;6.034995,0,-1,,2,1,1,1,0.7016669249999792,1,0,1,1,0.7016669249999792,1,0
fixed_800ms,main,fixed,0.08,0.15,0.8,P010,P010_pop909_clear_motif_melody_407_melody.mid,42e7658af7a87529d58b908a6d60cc195eeb297cdd129a98e1cb2649ce5aecce,10,6.15,2,0,2,2,0,0.0,1.776667;4.960000,0,-1,,2,1,0,-1,,2,1,0,-1,,2,1
fixed_800ms,main,fixed,0.08,0.15,0.8,P011,P011_pop909_clear_motif_melody_119_melody.mid,896c48c32a15cf85bd286aa4436d0a697c9a91692eb0fb128687d212976619d5,10,7.272728,2,0,2,1,0,0.0,2.278182;8.182273,0,-1,,2,1,1,1,0.9095454500000129,1,0,1,1,0.9095454500000129,1,0
fixed_800ms,main,fixed,0.08,0.15,0.8,P012,P012_pop909_clear_motif_melody_188_melody.mid,54bf4eb2f8bff2ccd5d214afc84523384678bdefdf3145e821781182c58bc003,10,4.363632000000001,3,0,3,2,0,0.0,1.520227;3.702043;5.065678,0,-1,,3,1,1,2,0.7020457124999799,2,0,1,2,0.7020457124999799,2,0
fixed_800ms,main,fixed,0.08,0.15,0.8,P013,P013_pop909_expressive_rubato_203_bridge.mid,d94792fd3118efad79013d413549904951e6acf204434771004ef7b6bac68e4a,9,3.000000000000001,2,0,2,1,0,0.0,1.533958;3.783958,0,-1,,2,1,1,1,0.7839583333333127,1,0,1,1,0.7839583333333127,1,0
fixed_800ms,main,fixed,0.08,0.15,0.8,P014,P014_pop909_expressive_rubato_203_bridge.mid,d78dea53ea8b5558568755412ec7c72b704ce448c1990fbb631bad2aba3c7411,9,3.0,2,0,2,1,0,0.0,1.533958;3.783958,0,-1,,2,1,1,1,0.7839583333333131,1,0,1,1,0.7839583333333131,1,0
fixed_800ms,main,fixed,0.08,0.15,0.8,P015,P015_pop909_expressive_rubato_263_bridge.mid,fdbb28e369fed211abc0a0b53b2006a331c357c454f4284639fd36961d3aac40,16,5.333328000000002,3,0,3,2,0,0.0,1.110555;3.782219;6.115550,0,-1,,3,1,1,2,0.7822223999999798,2,0,1,2,0.7822223999999798,2,0
fixed_800ms,main,fixed,0.08,0.15,0.8,P016,P016_pop909_expressive_rubato_617_bridge.mid,37d4c7b2c4a5856f926b9e67a662ac676aa83beca73c7dfc2dd6c188e52a38a4,4,1.3348119999999997,2,0,2,1,0,0.0,1.110728;2.283689,0,-1,,2,1,1,1,0.9488765666666461,1,0,1,1,0.9488765666666461,1,0
fixed_800ms,main,fixed,0.08,0.15,0.8,P017,P017_pop909_expressive_rubato_178_bridge.mid,cfbf91b1d04e90e9d2e6b6f7ddd9fc480393f1166fde55646495523c989f5d8e,20,6.760552000000001,5,2,3,2,0,0.4,2.424786;5.805062;7.495200,0,-1,,3,1,1,2,0.7346482666666461,2,0,1,2,0.7346482666666461,2,0
fixed_800ms,main,fixed,0.08,0.15,0.8,P018,P018_pop909_expressive_rubato_191_bridge.mid,b6e56889014ca3786b340c447e92d66f50ed149b21600186179487f5799f9b73,22,7.272727999999999,4,0,4,3,0,0.0,2.893712;4.711894;6.530076;8.115986,0,-1,,4,1,1,3,0.8432575645833342,3,0,1,3,0.8432575645833342,3,0
fixed_800ms,main,fixed,0.08,0.15,0.8,P019,P019_pop909_expressive_rubato_178_bridge.mid,51d4e82b5c0b217263d7a849828b0f05a8411876b0a87f85f4c175bf27767739,20,6.760551999999999,4,1,3,2,0,0.25,2.424786;5.049782;7.706468,0,-1,,3,1,1,2,0.9459155166666466,2,0,1,2,0.9459155166666466,2,0
fixed_800ms,main,fixed,0.08,0.15,0.8,P020,P020_pop909_expressive_rubato_212_bridge.mid,6f5eee7b1684521d31dac9b4e36649e423a8ce813df0a5f142967525e2bf2e17,17,5.783128,3,0,3,2,0,0.0,0.993675;3.533793;6.425357,0,-1,,3,1,1,2,0.6422291645833127,2,0,1,2,0.6422291645833127,2,0
fixed_800ms,main,fixed,0.08,0.15,0.8,P021,P021_pop909_chord_arpeggio_polyphonic_227_piano.mid,41b21fee0bca14bd00917fcf3d879b2fcebb9856fef2228a36e0b912e58444c9,18,7.1641759999999985,1,0,1,0,0,0.0,7.941340,0,-1,,1,1,1,0,0.7771642583333129,0,0,1,0,0.7771642583333129,0,0
fixed_800ms,main,fixed,0.08,0.15,0.8,P022,P022_pop909_chord_arpeggio_polyphonic_003_piano.mid,ea9963c2ef0400f7458ed0b378c21cc36273462aabccb9685efcd21625bbdcfd,19,2.9268239999999985,1,0,1,0,0,0.0,3.726763,0,-1,,1,1,1,0,0.7999393124999798,0,0,1,0,0.7999393124999798,0,0
fixed_800ms,main,fixed,0.08,0.15,0.8,P023,P023_pop909_chord_arpeggio_polyphonic_222_piano.mid,bddeab49734bbbb17982dc09bdfaac6a8c2e1a112b7fd3464c5e7c9deadcfc94,19,6.1538400000000015,2,0,2,1,0,0.0,1.588204;6.780507,0,-1,,2,1,1,1,0.6266669999999799,1,0,1,1,0.6266669999999799,1,0
fixed_800ms,main,fixed,0.08,0.15,0.8,P024,P024_pop909_chord_arpeggio_polyphonic_287_piano.mid,ec7a6fe844d8678913cee3e05d68bc85d02d45d316e498dcfe79e58c814953c2,26,6.9347729000000005,8,7,1,0,0,0.875,7.222672,1,0,0.2878994916666455,0,0,1,0,0.2878994916666455,0,0,1,0,0.2878994916666455,0,0
fixed_800ms,main,fixed,0.08,0.15,0.8,P025,P025_pop909_chord_arpeggio_polyphonic_566_piano.mid,52dae62297b7cdeff27e0bea0925c8bebbbb999e9935efba566c8ffc51c206e8,22,5.783128,1,0,1,0,0,0.0,6.562405,0,-1,,1,1,1,0,0.7792772499999794,0,0,1,0,0.7792772499999794,0,0
fixed_800ms,main,fixed,0.08,0.15,0.8,P026,P026_pop909_chord_arpeggio_polyphonic_106_piano.mid,5a21694b1c7abc6be7e5c6ee6dd6611dbca54dacb44c602d9f7dc226f5eaad89,28,7.1641759999999985,2,1,1,0,0,0.5,8.002907,0,-1,,1,1,1,0,0.8387313958333129,0,0,1,0,0.8387313958333129,0,0
fixed_800ms,main,fixed,0.08,0.15,0.8,P027,P027_pop909_chord_arpeggio_polyphonic_218_piano.mid,3d2716434e914a4c1b7b0fee64a762d631c9eb844e328c4f880eb95f36c370a6,32,7.0588159999999975,2,1,1,0,0,0.5,7.912198,0,-1,,1,1,1,0,0.8533824666666465,0,0,1,0,0.8533824666666465,0,0
fixed_800ms,main,fixed,0.08,0.15,0.8,P028,P028_pop909_chord_arpeggio_polyphonic_242_piano.mid,cd5c6e16ed3247ea34a6331d4c2e4dd980c5793b2def6bf2d11ae3b4d6d7560e,27,7.868856,1,0,1,0,0,0.0,8.661069,0,-1,,1,1,1,0,0.792213043750098,0,0,1,0,0.792213043750098,0,0
fixed_800ms,main,fixed,0.08,0.15,0.8,P029,P029_pop909_sparse_short_062_melody.mid,de331be603af62c8ecaeb6b4de4413d0dfe0f3c4a24efa36a90905ae0bb82a26,3,3.24324,2,1,1,0,0,0.5,3.480268,1,0,0.23702774999997933,0,0,1,0,0.23702774999997933,0,0,1,0,0.23702774999997933,0,0
fixed_800ms,main,fixed,0.08,0.15,0.8,P030,P030_pop909_sparse_short_062_melody.mid,f2c561cfdf3ae696074a8292cfd9b6e91d18a740bb99c9c5ad4661e2b5225717,3,2.12837625,1,0,1,1,0,0.0,1.453243,0,-1,,1,1,0,-1,,1,1,0,-1,,1,1
fixed_800ms,main,fixed,0.08,0.15,0.8,P031,P031_pop909_sparse_short_062_melody.mid,113bb580ca65ca779549df831e3b90b62932fe9eb9935891172b6636ee9e6079,3,3.24324,2,1,1,0,0,0.5,3.480268,1,0,0.23702774999997933,0,0,1,0,0.23702774999997933,0,0,1,0,0.23702774999997933,0,0
fixed_800ms,main,fixed,0.08,0.15,0.8,P032,P032_pop909_sparse_short_062_melody.mid,2638d2ec8832338b8f57a7147f9874c863c36279707599ffbd8782269c399746,3,3.24324,2,1,1,0,0,0.5,3.480268,1,0,0.23702774999997933,0,0,1,0,0.23702774999997933,0,0,1,0,0.23702774999997933,0,0
fixed_800ms,main,fixed,0.08,0.15,0.8,P033,P033_pop909_sparse_short_062_melody.mid,dcf51fe0bedf2f9e1acede760976dcde4a78650e163ec3c6ce86d970b4cc65c3,3,3.24324,2,1,1,0,0,0.5,3.480268,1,0,0.23702774999997933,0,0,1,0,0.23702774999997933,0,0,1,0,0.23702774999997933,0,0
fixed_800ms,main,fixed,0.08,0.15,0.8,P034,P034_pop909_dense_fast_095_bridge.mid,1eec4634489ebc2145d5d07f86a58778c994982c97d2dd5704238989cafe8164,49,1.7610275333333312,1,0,1,0,0,0.0,2.700807,0,-1,,1,1,1,0,0.9397794333333129,0,0,1,0,0.9397794333333129,0,0
fixed_800ms,main,fixed,0.08,0.15,0.8,P035,P035_pop909_dense_fast_351_bridge.mid,cce631ae36062ea5c6c5856ce61c72dee517b0d26fc59e569c45986becb91fa5,28,1.0351939999999993,1,0,1,0,0,0.0,1.922946,0,-1,,1,1,1,0,0.887752085416647,0,0,1,0,0.887752085416647,0,0
fixed_800ms,main,fixed,0.08,0.15,0.8,P036,P036_pop909_dense_fast_095_bridge.mid,8d7b860e3c98cfc78be2b1d435ac9d52da48b3df427707b2c9dc6e28266f4b58,38,1.6801452666666645,1,0,1,0,0,0.0,2.612572,0,-1,,1,1,1,0,0.9324264999999798,0,0,1,0,0.9324264999999798,0,0
fixed_800ms,main,fixed,0.08,0.15,0.8,P037,P037_pop909_dense_fast_095_bridge.mid,14ee870cca3317109b67f85cc0241e6678d38b8efed31130577d8d722e145a58,30,0.7977932666666666,1,0,1,0,0,0.0,1.730220,0,-1,,1,1,1,0,0.9324264999999846,0,0,1,0,0.9324264999999846,0,0
fixed_800ms,main,fixed,0.08,0.15,0.8,P038,P038_pop909_dense_fast_727_bridge.mid,4cec022a9c9e7dd2ec868ae3124b7089c195126defe23b8a3d440d2c7bbaf873,45,1.2854942770833329,1,0,1,0,0,0.0,2.203828,0,-1,,1,1,1,0,0.9183333187499796,0,0,1,0,0.9183333187499796,0,0
fixed_800ms,main,fixed,0.08,0.15,0.8,P039,P039_pop909_chromatic_outside_789_piano.mid,89dc01789fe23c4372b236cc806e6567b05346295e667c74639aa4642a3e304b,16,7.272728,4,0,4,4,0,0.0,1.888030;3.816061;5.183485;6.997879,0,-1,,4,1,0,-1,,4,1,0,-1,,4,1
fixed_800ms,main,fixed,0.08,0.15,0.8,P040,P040_pop909_chromatic_outside_064_piano.mid,76f70f424a678deaed9e02ef3b85db1c47a828b39689b0fb75fd6c5cd5f84a3f,23,7.562499999999999,1,0,1,0,0,0.0,7.743333,1,0,0.18083333333331275,0,0,1,0,0.18083333333331275,0,0,1,0,0.18083333333331275,0,0
fixed_800ms,main,fixed,0.08,0.15,0.8,P041,P041_pop909_chromatic_outside_796_piano.mid,5313ed35276167210c99ca9b0d50773ad1c5a71997072b20b1653efba88eb36f,20,6.486488,1,0,1,0,0,0.0,7.326556,0,-1,,1,1,1,0,0.8400675395833126,0,0,1,0,0.8400675395833126,0,0
fixed_800ms,main,fixed,0.08,0.15,0.8,P042,P042_pop909_chromatic_outside_254_piano.mid,dfb97d893bd303a0043e98fe7c14dc376233ce114864c10be992cad37ef88538,24,3.3027539999999993,1,0,1,0,0,0.0,3.981791,0,-1,,1,1,1,0,0.6790365520833128,0,0,1,0,0.6790365520833128,0,0
fixed_800ms,main,fixed,0.08,0.15,0.8,P043,P043_pop909_chromatic_outside_311_bridge.mid,8bb993a52d683a9b093e77f22d9fa6d3df633472edafb5a0056e4e19b5852902,14,7.5,3,0,3,2,0,0.0,2.045937;5.795937;8.285938,0,-1,,3,1,1,2,0.7859375000000313,2,0,1,2,0.7859375000000313,2,0
fixed_800ms,main,fixed,0.08,0.15,0.8,P044,P044_pop909_false_ending_pause_322_bridge.mid,92fa6bc714e6881f40bd275254b082416486b9d155453539c6e2e9cce641a65c,7,4.633333333333333,1,0,1,1,0,0.0,4.047500,0,-1,,1,1,0,-1,,1,1,0,-1,,1,1
fixed_800ms,main,fixed,0.08,0.15,0.8,P045,P045_pop909_false_ending_pause_008_bridge.mid,28ee69826748317d665163811014939ed01825addd8f2c9505d27364a6b4adc8,7,4.876923483333333,2,0,2,2,0,0.0,2.144615;3.990769,0,-1,,2,1,0,-1,,2,1,0,-1,,2,1
fixed_800ms,main,fixed,0.08,0.15,0.8,P046,P046_pop909_false_ending_pause_253_bridge.mid,0e6ab6a38b763c541fa954510aaf319efab974b676865fe44aaa2c2338435f50,7,5.9943121875,3,0,3,3,0,0.0,2.295226;3.772497;5.136132,0,-1,,3,1,0,-1,,3,1,0,-1,,3,1
fixed_800ms,main,fixed,0.08,0.15,0.8,P047,P047_pop909_false_ending_pause_396_melody.mid,45f3dedbc0915a84ff315fcf7040e15383bbafbc739845cd8f4e4db11fbe1207,7,3.8673180812499997,1,0,1,1,0,0.0,3.342681,0,-1,,1,1,0,-1,,1,1,0,-1,,1,1
fixed_800ms,main,fixed,0.08,0.15,0.8,P048,P048_pop909_repetition_tail_234_bridge.mid,8edaf0b3c05cb78569d9801754c34b780426e21b3654154ff150d50ac4c12b59,8,4.000000000000001,2,0,2,1,0,0.0,3.066250;4.816250,0,-1,,2,1,1,1,0.8162499999999797,1,0,1,1,0.8162499999999797,1,0
fixed_800ms,main,fixed,0.08,0.15,0.8,P049,P049_pop909_repetition_tail_282_bridge.mid,b5bf7675db361f16e2641027f14dbd38a665a77edf6ca030a9254be54ddab400,8,5.691775224999999,3,2,1,0,0,0.6666666666666666,6.316159,0,-1,,1,1,1,0,0.6243838916666462,0,0,1,0,0.6243838916666462,0,0
fixed_800ms,main,fixed,0.08,0.15,0.8,P050,P050_pop909_repetition_tail_340_bridge.mid,92dfb3e992339ebac2e7204e10ece5a799d2ae91faeb4c2a0ff6f5611e0bfbac,8,5.245888,2,0,2,1,0,0.0,3.647151;6.106161,0,-1,,2,1,1,1,0.8602734833333132,1,0,1,1,0.8602734833333132,1,0
cluster_40ms,sensitivity,adaptive,0.04,0.15,,A01,A01_c_pentatonic_balanced.mid,e7a1620ba70d4372e998376d91e2f55590448a9cf5878e969a0f70d410659845,14,4.8,1,0,1,0,0,0.0,5.470000,0,-1,,1,1,1,0,0.669999999999976,0,0,1,0,0.669999999999976,0,0
cluster_40ms,sensitivity,adaptive,0.04,0.15,,A02,A02_a_minor_pentatonic_question.mid,5166d8996017b0341f9265fc4539b25d09211f1cc291b1e25a4623e68b1bbc0e,12,5.054348499999999,1,0,1,0,0,0.0,5.747174,0,-1,,1,1,1,0,0.6928259999999717,0,0,1,0,0.6928259999999717,0,0
cluster_40ms,sensitivity,adaptive,0.04,0.15,,A03,A03_a_blues_tension.mid,1c61cef65142077e0ea54a46832f15bf535a35b23c920ee8e40193b877467fd4,13,4.166669999999999,1,0,1,0,0,0.0,4.721114,0,-1,,1,1,1,0,0.5544439999999771,0,0,1,0,0.5544439999999771,0,0
cluster_40ms,sensitivity,adaptive,0.04,0.15,,A04,A04_classical_antecedent.mid,3b1b42414601831b09678bb49b714e6512be53f451a517170b48c6c3addb07f1,10,4.6499999999999995,1,0,1,0,0,0.0,5.425000,0,-1,,1,1,1,0,0.774999999999971,0,0,1,0,0.774999999999971,0,0
cluster_40ms,sensitivity,adaptive,0.04,0.15,,A05,A05_repetition_tail.mid,c615435e6cf9b0af8c8e4a2d9b7f28ccef90f4cc20ddffc10e23c15ec2296b28,12,4.182691749999999,2,1,1,0,0,0.5,4.720769,0,-1,,1,1,1,0,0.5380769999999764,0,0,1,0,0.5380769999999764,0,0
cluster_40ms,sensitivity,adaptive,0.04,0.15,,A06,A06_syncopated_pop.mid,25a2a2e4aea59cacc8434b36ae5173bd34aaa66ee7eec8c2e460f3f72addaf0e,12,4.3867945,1,0,1,0,0,0.0,5.318775,0,-1,,1,1,1,0,0.9319809999999737,0,0,1,0,0.9319809999999737,0,0
cluster_40ms,sensitivity,adaptive,0.04,0.15,,A07,A07_sparse_long_tones.mid,fb6faee9d721a971b5d6388dc979e5a15c26d45366bfef7ade9a8f82eec3358d,6,5.454543999999999,1,0,1,0,1,0.0,7.787726,0,-1,,1,1,0,-1,,1,1,0,-1,,1,1
cluster_40ms,sensitivity,adaptive,0.04,0.15,,A08,A08_dense_eighth_motion.mid,48faeb92585381b6928f2dc31a3119ec234d815efc25ec9d1ba67538fc3f6b41,16,4.285712000000002,1,0,1,0,0,0.0,4.977855,0,-1,,1,1,1,0,0.6921429999999793,0,0,1,0,0.6921429999999793,0,0
cluster_40ms,sensitivity,adaptive,0.04,0.15,,A09,A09_arched_contour.mid,91acd677fdf9a30e64f3584796b5fc38d648b1ddf3785f4d6a6445102c15ee7c,11,4.6875,1,0,1,0,0,0.0,5.492500,0,-1,,1,1,1,0,0.8049999999999695,0,0,1,0,0.8049999999999695,0,0
cluster_40ms,sensitivity,adaptive,0.04,0.15,,A10,A10_leap_gap_fill.mid,6639c3bceab3644ea59e759d1e92e76bcc9a082b5edaea30893d44682f7f3a97,13,4.6499999999999995,1,0,1,0,0,0.0,5.385000,0,-1,,1,1,1,0,0.7349999999999746,0,0,1,0,0.7349999999999746,0,0
cluster_40ms,sensitivity,adaptive,0.04,0.15,,R01,R01_390-v1.mid,e44793c8c043f7c92184c6189f5e7b1af47c202aaa6df435a76a4d26268313aa,13,4.0,2,0,2,1,0,0.0,2.044583;4.794583,0,-1,,2,1,1,1,0.7945833333333141,1,0,1,1,0.7945833333333141,1,0
cluster_40ms,sensitivity,adaptive,0.04,0.15,,R02,R02_667-v3.mid,af3cbab9e93480a553c9a217fc1abefdf3db788d071132050fca4cbfe862cdaa,8,4.0,1,0,1,0,0,0.0,4.377083,1,0,0.37708333333330746,0,0,1,0,0.37708333333330746,0,0,1,0,0.37708333333330746,0,0
cluster_40ms,sensitivity,adaptive,0.04,0.15,,R03,R03_174-v2.mid,88f11f634584a21ce30b0dc39c608cde9da43c7936400bba985f8702ecf9e962,12,3.9999999999999996,2,0,2,1,0,0.0,2.002917;4.597917,0,-1,,2,1,1,1,0.5979166666666536,1,0,1,1,0.5979166666666536,1,0
cluster_40ms,sensitivity,adaptive,0.04,0.15,,R04,R04_339-v2.mid,828aff4f088b889d0715fee3e65e9243f89520710a795fa7e4b585407a7da650,9,3.817708333333333,1,0,1,0,0,0.0,4.622292,0,-1,,1,1,1,0,0.8045833333333121,0,0,1,0,0.8045833333333121,0,0
cluster_40ms,sensitivity,adaptive,0.04,0.15,,R05,R05_581.mid,766b0c79d6f6905d1c32f244469b14bf48cb861e79ceede6ac2ee1929437dcf4,13,4.0,1,0,1,0,0,0.0,4.776875,0,-1,,1,1,1,0,0.7768749999999809,0,0,1,0,0.7768749999999809,0,0
cluster_40ms,sensitivity,adaptive,0.04,0.15,,R06,R06_132-v2.mid,e1ccff44d4528b8e4af0e40bdc4699a89e46169a5a6c766acc8ac50740c17bc4,15,4.0,1,0,1,0,0,0.0,4.744792,0,-1,,1,1,1,0,0.7447916666666501,0,0,1,0,0.7447916666666501,0,0
cluster_40ms,sensitivity,adaptive,0.04,0.15,,R07,R07_664-v2.mid,d84d97d7bfa78ff716110978692047e182ce9f01efee7a44f583544e113fed69,11,4.0,2,0,2,1,0,0.0,2.920625;4.795625,0,-1,,2,1,1,1,0.7956249999999807,1,0,1,1,0.7956249999999807,1,0
cluster_40ms,sensitivity,adaptive,0.04,0.15,,R08,R08_266-v1.mid,a60f28e61f3323d5039cd94cdaea65c36ca0311962a73686837cf9dfdde0799d,8,4.0,1,0,1,0,0,0.0,4.440000,1,0,0.4399999999999702,0,0,1,0,0.4399999999999702,0,0,1,0,0.4399999999999702,0,0
cluster_40ms,sensitivity,adaptive,0.04,0.15,,R09,R09_433.mid,e1f859f9f55ce2a1718a88f1ce5f88ffffd035cd2ac61aeba9f71e42eb3d1658,23,4.000000000000001,1,0,1,0,0,0.0,4.607708,0,-1,,1,1,1,0,0.6077083333333198,0,0,1,0,0.6077083333333198,0,0
cluster_40ms,sensitivity,adaptive,0.04,0.15,,R10,R10_039-v2.mid,25635c75dc841999c02ffb9b7d67ef21f421bef585b28e0635701689b574a8f6,11,4.000000000000001,2,0,2,1,1,0.0,3.580833;15.990208,0,-1,,2,1,0,-1,,2,1,0,-1,,2,1
cluster_40ms,sensitivity,adaptive,0.04,0.15,,R11,R11_538.mid,676637ee06573aad6e8ea80367346578ac11b8ed36c9f8ce5702eda3643830ab,20,3.921875,1,0,1,0,0,0.0,4.330833,1,0,0.4089583333333211,0,0,1,0,0.4089583333333211,0,0,1,0,0.4089583333333211,0,0
cluster_40ms,sensitivity,adaptive,0.04,0.15,,R12,R12_457.mid,151dd04bd54d11512876bab817410ae94fb81547894ff0a3b96401968101f6df,13,4.0,2,0,2,1,0,0.0,2.326250;5.736250,0,-1,,2,1,0,-1,,2,1,1,1,1.7362499999999619,1,0
cluster_40ms,sensitivity,adaptive,0.04,0.15,,R13,R13_353-v1.mid,ef59a3cdc969d70fd54c9cd52a37e30deb9772958305ace368edde9ea5afc7c3,11,4.0,2,0,2,1,0,0.0,1.859167;4.859167,0,-1,,2,1,1,1,0.8591666666666473,1,0,1,1,0.8591666666666473,1,0
cluster_40ms,sensitivity,adaptive,0.04,0.15,,R14,R14_073.mid,6014529ddd8b96a82fd599bf2e0268f5da21dad2080ba59e69de225512a58ee3,12,3.939583333333333,1,0,1,0,0,0.0,4.832708,0,-1,,1,1,1,0,0.8931249999999782,0,0,1,0,0.8931249999999782,0,0
cluster_40ms,sensitivity,adaptive,0.04,0.15,,R15,R15_156-v2.mid,d6ae647242ceff286d61867ebb06ee767c382eed20c618f7988a94d4733b7d8d,9,4.0,2,0,2,1,1,0.0,3.896875;16.056875,0,-1,,2,1,0,-1,,2,1,0,-1,,2,1
cluster_40ms,sensitivity,adaptive,0.04,0.15,,R16,R16_249.mid,32c21206c709d04269f4de5a9705ca310189a55c657a53ea8612ed3c5ac480dd,8,4.0,1,0,1,0,0,0.0,5.295625,0,-1,,1,1,0,-1,,1,1,1,0,1.2956249999999647,0,0
cluster_40ms,sensitivity,adaptive,0.04,0.15,,R17,R17_319.mid,7b40b95a494f202130093514531c7232c45d539c2a7ebafe5dee64fac4bc0e7e,18,4.0,1,0,1,0,0,0.0,4.570208,0,-1,,1,1,1,0,0.5702083333333201,0,0,1,0,0.5702083333333201,0,0
cluster_40ms,sensitivity,adaptive,0.04,0.15,,R18,R18_249.mid,0dc5853f595ca79ae339d76ccf661f166c739dba3b0cb0d66eeb860ef17dd7c0,9,4.0,1,0,1,0,0,0.0,4.365625,1,0,0.3656249999999739,0,0,1,0,0.3656249999999739,0,0,1,0,0.3656249999999739,0,0
cluster_40ms,sensitivity,adaptive,0.04,0.15,,R19,R19_733.mid,73dc520e4f2e19e784486fb5160d0686a1f7d90b81c9bb57b8e6478f3b2032fe,10,4.0,2,0,2,1,0,0.0,1.744583;4.344583,1,1,0.3445833333333175,1,0,1,1,0.3445833333333175,1,0,1,1,0.3445833333333175,1,0
cluster_40ms,sensitivity,adaptive,0.04,0.15,,R20,R20_660.mid,a3a01235dabd1fd09f3b7047e7b59bee8af87f41bc4456aa3e261bc412d6998a,8,3.983333333333334,1,0,1,0,0,0.0,5.447708,0,-1,,1,1,0,-1,,1,1,1,0,1.4643749999999653,0,0
cluster_40ms,sensitivity,adaptive,0.04,0.15,,R21,R21_756-v2.mid,7b479a282dd8ac5742239c1fda08a8a89a1834843d91b2b219beaa12a020ebdc,8,4.0,1,0,1,0,0,0.0,5.600625,0,-1,,1,1,0,-1,,1,1,1,0,1.6006249999999627,0,0
cluster_40ms,sensitivity,adaptive,0.04,0.15,,R22,R22_156.mid,530aaba96af00f7031edd5c0b26b6a257808c3f3d7df6c3d36f325fc29229487,10,4.0,2,0,2,1,1,0.0,3.791875;16.056875,0,-1,,2,1,0,-1,,2,1,0,-1,,2,1
cluster_40ms,sensitivity,adaptive,0.04,0.15,,R23,R23_645.mid,4089adb020ffa2aa242ec57c10ef8efd9ad726c8c6bf22e335e91d65a5783ac4,12,3.9999999999999996,2,0,2,1,0,0.0,3.363958;4.568958,0,-1,,2,1,1,1,0.5689583333333181,1,0,1,1,0.5689583333333181,1,0
cluster_40ms,sensitivity,adaptive,0.04,0.15,,R24,R24_242-v2.mid,5a18cae5a6fd996e3688bb05a6723665c26e561d21b88c112d65d4a6bdb51fca,15,4.000000000000001,3,1,2,1,0,0.3333333333333333,3.341458;4.591458,0,-1,,2,1,1,1,0.5914583333333194,1,0,1,1,0.5914583333333194,1,0
cluster_40ms,sensitivity,adaptive,0.04,0.15,,R25,R25_618-v1.mid,56ff3fa00dc9e75c7913306f4a8cede335d24189bb8e26cfce827120f12743c7,10,4.0,2,0,2,1,0,0.0,3.186250;4.586250,0,-1,,2,1,1,1,0.5862499999999864,1,0,1,1,0.5862499999999864,1,0
cluster_40ms,sensitivity,adaptive,0.04,0.15,,R26,R26_560-v1.mid,f0d0a16aff422f9a5877f2944cdd0b959b4801aa449310959626fa7dbd7a6edb,15,3.951041666666667,2,1,1,0,0,0.5,4.622917,0,-1,,1,1,1,0,0.6718749999999831,0,0,1,0,0.6718749999999831,0,0
cluster_40ms,sensitivity,adaptive,0.04,0.15,,R27,R27_735.mid,c6fabc901af844a2236d5a2956bd48e11d7952607af238e872c0dc7f65dbaa6f,16,4.0,2,1,1,0,0,0.5,4.795625,0,-1,,1,1,1,0,0.7956249999999816,0,0,1,0,0.7956249999999816,0,0
cluster_40ms,sensitivity,adaptive,0.04,0.15,,R28,R28_804-v3.mid,f2326f94ae3ec36fd956ed7a74f507c37dfaeae99fddbfc7f2cbf87414f92030,11,3.9802083333333336,2,0,2,1,0,0.0,2.786250;4.786250,0,-1,,2,1,1,1,0.8060416666666477,1,0,1,1,0.8060416666666477,1,0
cluster_40ms,sensitivity,adaptive,0.04,0.15,,R29,R29_846-v2.mid,b750d5ab04a7fcc02298fea281e624dbc92dd1640a17037e580bb5b845ab517b,12,4.0,2,1,1,0,0,0.5,4.812917,0,-1,,1,1,1,0,0.8129166666666441,0,0,1,0,0.8129166666666441,0,0
cluster_40ms,sensitivity,adaptive,0.04,0.15,,R30,R30_002-v2.mid,3b8c10e5c6886af05080687f0bc745791d33e73b2cec916337c1799e43024254,19,4.0,1,0,1,0,0,0.0,4.747917,0,-1,,1,1,1,0,0.7479166666666499,0,0,1,0,0.7479166666666499,0,0
cluster_40ms,sensitivity,adaptive,0.04,0.15,,R31,R31_069-v5.mid,ad5859e7014674fc2b088288d32445f60e2790c868a97bae22f5c6c6f7a9c906,10,4.0,1,0,1,0,0,0.0,4.614583,0,-1,,1,1,1,0,0.6145833333333073,0,0,1,0,0.6145833333333073,0,0
cluster_40ms,sensitivity,adaptive,0.04,0.15,,R32,R32_290-v2.mid,b6d63759467030d9561098d602d2077dba3fd2e6533d64bc6401940ec9398bd7,11,4.0,3,0,3,2,0,0.0,0.866667;3.246667;4.496667,1,2,0.4966666666666528,2,0,1,2,0.4966666666666528,2,0,1,2,0.4966666666666528,2,0
cluster_40ms,sensitivity,adaptive,0.04,0.15,,R33,R33_144-v1.mid,14914529875824c38e895baf4969bc1f01031d5a20038d87474333091ce8bf16,21,4.0,1,0,1,0,0,0.0,4.573542,0,-1,,1,1,1,0,0.5735416666666548,0,0,1,0,0.5735416666666548,0,0
cluster_40ms,sensitivity,adaptive,0.04,0.15,,R34,R34_680-v3.mid,193fa77f9af23482857e237a7f27c3f78c79243d9a1ffca85d491c191040a3d9,15,4.0,1,0,1,0,0,0.0,4.773750,0,-1,,1,1,1,0,0.7737499999999811,0,0,1,0,0.7737499999999811,0,0
cluster_40ms,sensitivity,adaptive,0.04,0.15,,R35,R35_436-v2.mid,0db58df01ff0e7ef7665b41a914d45f2c8da7ce346a391eafaadda58c2fbcbd1,8,3.9999999999999996,2,0,2,1,0,0.0,2.049792;4.799792,0,-1,,2,1,1,1,0.7997916666666476,1,0,1,1,0.7997916666666476,1,0
cluster_40ms,sensitivity,adaptive,0.04,0.15,,R36,R36_230.mid,292e936198ef29131aa14fa25acb693df0d1183ea1dde8ce70b941f2378a5b3c,11,4.0,2,0,2,1,0,0.0,2.227917;4.877917,0,-1,,2,1,1,1,0.8779166666666445,1,0,1,1,0.8779166666666445,1,0
cluster_40ms,sensitivity,adaptive,0.04,0.15,,R37,R37_667-v3.mid,3423caa4b45632a7f2c919a198ed678b6eb9786448d01e549dc32a5398afcf9f,7,4.0,1,0,1,0,0,0.0,5.932083,0,-1,,1,1,0,-1,,1,1,1,0,1.9320833333332903,0,0
cluster_40ms,sensitivity,adaptive,0.04,0.15,,R38,R38_136.mid,3abb38ce19d8de517c62b2014f88ea09cffbe9e6bf5ed9c01ed0c1155a8acbe5,14,4.0,2,1,1,0,0,0.5,4.935833,0,-1,,1,1,1,0,0.9358333333333118,0,0,1,0,0.9358333333333118,0,0
cluster_40ms,sensitivity,adaptive,0.04,0.15,,R39,R39_578-v3.mid,fceb1f97ce180f42e04547ff0aa0b9478cd06770ac604a3832d919926ad92aa7,16,4.0,1,0,1,0,0,0.0,4.743958,0,-1,,1,1,1,0,0.7439583333333175,0,0,1,0,0.7439583333333175,0,0
cluster_40ms,sensitivity,adaptive,0.04,0.15,,R40,R40_454.mid,d848f11068ba98d752767ac7826bc58b93c22e9b031ee710f0fae41eccde2eec,12,3.9187499999999997,1,0,1,0,0,0.0,4.954375,0,-1,,1,1,0,-1,,1,1,1,0,1.035624999999976,0,0
cluster_40ms,sensitivity,adaptive,0.04,0.15,,P001,P001_pop909_clear_motif_melody_298_bridge.mid,8b00372060ba7b623d803e3af7e70f5ef60b65f66816ad377f725005f4c84fa9,10,4.948456,2,1,1,0,0,0.5,6.278662,0,-1,,1,1,0,-1,,1,1,1,0,1.330206047916632,0,0
cluster_40ms,sensitivity,adaptive,0.04,0.15,,P002,P002_pop909_clear_motif_melody_248_bridge.mid,ccb942640a73e3e0122c796c0971c8f675a924861614fa62562f002ab9ef196d,10,3.478248,1,0,1,0,0,0.0,4.030315,0,-1,,1,1,1,0,0.5520668562499793,0,0,1,0,0.5520668562499793,0,0
cluster_40ms,sensitivity,adaptive,0.04,0.15,,P003,P003_pop909_clear_motif_melody_339_melody.mid,628d1079f63c4bf7a08c4ee78f0765919be119f7b82f8dc3ffde83afbb2238ec,10,6.3124899,2,0,2,1,0,0.0,4.710481;7.417143,0,-1,,2,1,0,-1,,2,1,1,1,1.104653258333303,1,0
cluster_40ms,sensitivity,adaptive,0.04,0.15,,P004,P004_pop909_clear_motif_melody_268_melody.mid,e1ad81a5ae674340b836f4d87a0f82f0920845ccc4214feb28ccf9b9603f0948,10,8.0,1,0,1,0,0,0.0,8.347500,1,0,0.347500000000041,0,0,1,0,0.347500000000041,0,0,1,0,0.347500000000041,0,0
cluster_40ms,sensitivity,adaptive,0.04,0.15,,P005,P005_pop909_clear_motif_melody_021_melody.mid,a1fe99526a41a4b56b5a507d209dd13d4105ef53e85d25dd53ce7e9ee5915ff3,10,4.13157275,2,1,1,0,0,0.5,5.173503,0,-1,,1,1,0,-1,,1,1,1,0,1.0419303541666372,0,0
cluster_40ms,sensitivity,adaptive,0.04,0.15,,P006,P006_pop909_clear_motif_melody_220_melody.mid,81d85ebdbdb62cf3dd0eb82602b7fe26907e395242e71f5bb78ef112438b09cc,10,3.870936,2,1,1,0,0,0.5,5.055615,0,-1,,1,1,0,-1,,1,1,1,0,1.1846787749999712,0,0
cluster_40ms,sensitivity,adaptive,0.04,0.15,,P007,P007_pop909_clear_motif_melody_273_melody.mid,b6f10983b8aa291a839fc6e5232bc1920fa3b1e354e6e03e788a7a6b17af9d59,10,6.48648,1,0,1,1,0,0.0,5.257293,0,-1,,1,1,0,-1,,1,1,0,-1,,1,1
cluster_40ms,sensitivity,adaptive,0.04,0.15,,P008,P008_pop909_clear_motif_melody_713_melody.mid,cc0088d140a0c7f748d7a717a6f796eed7338f6a4d8889e8e2eebd7fab8f8f51,10,5.454544,2,0,2,1,0,0.0,3.470284;6.129374,0,-1,,2,1,1,1,0.6748295708333165,1,0,1,1,0.6748295708333165,1,0
cluster_40ms,sensitivity,adaptive,0.04,0.15,,P009,P009_pop909_clear_motif_melody_328_melody.mid,e8885a270c794ef4d50b9e6e050e3a0d3d8301d178169d86d88126123dbf06e2,10,5.333328,2,0,2,1,0,0.0,2.229999;6.229995,0,-1,,2,1,1,1,0.896666924999975,1,0,1,1,0.896666924999975,1,0
cluster_40ms,sensitivity,adaptive,0.04,0.15,,P010,P010_pop909_clear_motif_melody_407_melody.mid,42e7658af7a87529d58b908a6d60cc195eeb297cdd129a98e1cb2649ce5aecce,10,6.15,1,0,1,1,0,0.0,5.520000,0,-1,,1,1,0,-1,,1,1,0,-1,,1,1
cluster_40ms,sensitivity,adaptive,0.04,0.15,,P011,P011_pop909_clear_motif_melody_119_melody.mid,896c48c32a15cf85bd286aa4436d0a697c9a91692eb0fb128687d212976619d5,10,7.272728,2,0,2,1,0,0.0,2.383182;8.742273,0,-1,,2,1,0,-1,,2,1,1,1,1.4695454500001004,1,0
cluster_40ms,sensitivity,adaptive,0.04,0.15,,P012,P012_pop909_clear_motif_melody_188_melody.mid,54bf4eb2f8bff2ccd5d214afc84523384678bdefdf3145e821781182c58bc003,10,4.363632000000001,3,0,3,2,0,0.0,1.535227;3.717043;5.080678,0,-1,,3,1,1,2,0.7170457124999796,2,0,1,2,0.7170457124999796,2,0
cluster_40ms,sensitivity,adaptive,0.04,0.15,,P013,P013_pop909_expressive_rubato_203_bridge.mid,d94792fd3118efad79013d413549904951e6acf204434771004ef7b6bac68e4a,9,3.000000000000001,2,0,2,1,1,0.0,1.478958;5.228958,0,-1,,2,1,0,-1,,2,1,0,-1,,2,1
cluster_40ms,sensitivity,adaptive,0.04,0.15,,P014,P014_pop909_expressive_rubato_203_bridge.mid,d78dea53ea8b5558568755412ec7c72b704ce448c1990fbb631bad2aba3c7411,9,3.0,1,0,1,0,1,0.0,5.228958,0,-1,,1,1,0,-1,,1,1,0,-1,,1,1
cluster_40ms,sensitivity,adaptive,0.04,0.15,,P015,P015_pop909_expressive_rubato_263_bridge.mid,fdbb28e369fed211abc0a0b53b2006a331c357c454f4284639fd36961d3aac40,16,5.333328000000002,1,0,1,0,1,0.0,7.450550,0,-1,,1,1,0,-1,,1,1,0,-1,,1,1
cluster_40ms,sensitivity,adaptive,0.04,0.15,,P016,P016_pop909_expressive_rubato_617_bridge.mid,37d4c7b2c4a5856f926b9e67a662ac676aa83beca73c7dfc2dd6c188e52a38a4,4,1.3348119999999997,1,0,1,0,0,0.0,3.228689,0,-1,,1,1,0,-1,,1,1,1,0,1.893876566666626,0,0
cluster_40ms,sensitivity,adaptive,0.04,0.15,,P017,P017_pop909_expressive_rubato_178_bridge.mid,cfbf91b1d04e90e9d2e6b6f7ddd9fc480393f1166fde55646495523c989f5d8e,20,6.760552000000001,1,0,1,0,1,0.0,8.855200,0,-1,,1,1,0,-1,,1,1,0,-1,,1,1
cluster_40ms,sensitivity,adaptive,0.04,0.15,,P018,P018_pop909_expressive_rubato_191_bridge.mid,b6e56889014ca3786b340c447e92d66f50ed149b21600186179487f5799f9b73,22,7.272727999999999,2,0,2,1,1,0.0,3.178712;9.865986,0,-1,,2,1,0,-1,,2,1,0,-1,,2,1
cluster_40ms,sensitivity,adaptive,0.04,0.15,,P019,P019_pop909_expressive_rubato_178_bridge.mid,51d4e82b5c0b217263d7a849828b0f05a8411876b0a87f85f4c175bf27767739,20,6.760551999999999,3,1,2,1,0,0.3333333333333333,1.409717;8.436468,0,-1,,2,1,0,-1,,2,1,1,1,1.6759155166667092,1,0
cluster_40ms,sensitivity,adaptive,0.04,0.15,,P020,P020_pop909_expressive_rubato_212_bridge.mid,6f5eee7b1684521d31dac9b4e36649e423a8ce813df0a5f142967525e2bf2e17,17,5.783128,2,0,2,1,0,0.0,4.248793;6.705357,0,-1,,2,1,1,1,0.9222291645833067,1,0,1,1,0.9222291645833067,1,0
cluster_40ms,sensitivity,adaptive,0.04,0.15,,P021,P021_pop909_chord_arpeggio_polyphonic_227_piano.mid,41b21fee0bca14bd00917fcf3d879b2fcebb9856fef2228a36e0b912e58444c9,18,7.1641759999999985,1,0,1,0,0,0.0,8.476340,0,-1,,1,1,0,-1,,1,1,1,0,1.3121642583333868,0,0
cluster_40ms,sensitivity,adaptive,0.04,0.15,,P022,P022_pop909_chord_arpeggio_polyphonic_003_piano.mid,ea9963c2ef0400f7458ed0b378c21cc36273462aabccb9685efcd21625bbdcfd,19,2.9268239999999985,1,0,1,0,0,0.0,3.706763,0,-1,,1,1,1,0,0.7799393124999803,0,0,1,0,0.7799393124999803,0,0
cluster_40ms,sensitivity,adaptive,0.04,0.15,,P023,P023_pop909_chord_arpeggio_polyphonic_222_piano.mid,bddeab49734bbbb17982dc09bdfaac6a8c2e1a112b7fd3464c5e7c9deadcfc94,19,6.1538400000000015,1,0,1,0,0,0.0,7.295507,0,-1,,1,1,0,-1,,1,1,1,0,1.141666999999969,0,0
cluster_40ms,sensitivity,adaptive,0.04,0.15,,P024,P024_pop909_chord_arpeggio_polyphonic_287_piano.mid,ec7a6fe844d8678913cee3e05d68bc85d02d45d316e498dcfe79e58c814953c2,26,6.9347729000000005,1,0,1,0,1,0.0,9.017672,0,-1,,1,1,0,-1,,1,1,0,-1,,1,1
cluster_40ms,sensitivity,adaptive,0.04,0.15,,P025,P025_pop909_chord_arpeggio_polyphonic_566_piano.mid,52dae62297b7cdeff27e0bea0925c8bebbbb999e9935efba566c8ffc51c206e8,22,5.783128,1,0,1,0,0,0.0,6.842405,0,-1,,1,1,0,-1,,1,1,1,0,1.0592772499999734,0,0
cluster_40ms,sensitivity,adaptive,0.04,0.15,,P026,P026_pop909_chord_arpeggio_polyphonic_106_piano.mid,5a21694b1c7abc6be7e5c6ee6dd6611dbca54dacb44c602d9f7dc226f5eaad89,28,7.1641759999999985,1,0,1,0,0,0.0,8.537907,0,-1,,1,1,0,-1,,1,1,1,0,1.3737313958333965,0,0
cluster_40ms,sensitivity,adaptive,0.04,0.15,,P027,P027_pop909_chord_arpeggio_polyphonic_218_piano.mid,3d2716434e914a4c1b7b0fee64a762d631c9eb844e328c4f880eb95f36c370a6,32,7.0588159999999975,1,0,1,0,0,0.0,7.957198,0,-1,,1,1,1,0,0.8983824666666456,0,0,1,0,0.8983824666666456,0,0
cluster_40ms,sensitivity,adaptive,0.04,0.15,,P028,P028_pop909_chord_arpeggio_polyphonic_242_piano.mid,cd5c6e16ed3247ea34a6331d4c2e4dd980c5793b2def6bf2d11ae3b4d6d7560e,27,7.868856,1,0,1,0,0,0.0,9.021069,0,-1,,1,1,0,-1,,1,1,1,0,1.1522130437501543,0,0
cluster_40ms,sensitivity,adaptive,0.04,0.15,,P029,P029_pop909_sparse_short_062_melody.mid,de331be603af62c8ecaeb6b4de4413d0dfe0f3c4a24efa36a90905ae0bb82a26,3,3.24324,1,0,1,0,0,0.0,4.500268,0,-1,,1,1,0,-1,,1,1,1,0,1.257027749999958,0,0
cluster_40ms,sensitivity,adaptive,0.04,0.15,,P030,P030_pop909_sparse_short_062_melody.mid,f2c561cfdf3ae696074a8292cfd9b6e91d18a740bb99c9c5ad4661e2b5225717,3,2.12837625,1,0,1,1,0,0.0,1.258243,0,-1,,1,1,0,-1,,1,1,0,-1,,1,1
cluster_40ms,sensitivity,adaptive,0.04,0.15,,P031,P031_pop909_sparse_short_062_melody.mid,113bb580ca65ca779549df831e3b90b62932fe9eb9935891172b6636ee9e6079,3,3.24324,1,0,1,0,0,0.0,4.500268,0,-1,,1,1,0,-1,,1,1,1,0,1.257027749999958,0,0
cluster_40ms,sensitivity,adaptive,0.04,0.15,,P032,P032_pop909_sparse_short_062_melody.mid,2638d2ec8832338b8f57a7147f9874c863c36279707599ffbd8782269c399746,3,3.24324,1,0,1,0,0,0.0,4.500268,0,-1,,1,1,0,-1,,1,1,1,0,1.257027749999958,0,0
cluster_40ms,sensitivity,adaptive,0.04,0.15,,P033,P033_pop909_sparse_short_062_melody.mid,dcf51fe0bedf2f9e1acede760976dcde4a78650e163ec3c6ce86d970b4cc65c3,3,3.24324,1,0,1,0,0,0.0,4.500268,0,-1,,1,1,0,-1,,1,1,1,0,1.257027749999958,0,0
cluster_40ms,sensitivity,adaptive,0.04,0.15,,P034,P034_pop909_dense_fast_095_bridge.mid,1eec4634489ebc2145d5d07f86a58778c994982c97d2dd5704238989cafe8164,49,1.7610275333333312,1,0,1,0,0,0.0,2.035807,1,0,0.2747794333333271,0,0,1,0,0.2747794333333271,0,0,1,0,0.2747794333333271,0,0
cluster_40ms,sensitivity,adaptive,0.04,0.15,,P035,P035_pop909_dense_fast_351_bridge.mid,cce631ae36062ea5c6c5856ce61c72dee517b0d26fc59e569c45986becb91fa5,28,1.0351939999999993,1,0,1,0,0,0.0,1.282946,1,0,0.2477520854166606,0,0,1,0,0.2477520854166606,0,0,1,0,0.2477520854166606,0,0
cluster_40ms,sensitivity,adaptive,0.04,0.15,,P036,P036_pop909_dense_fast_095_bridge.mid,8d7b860e3c98cfc78be2b1d435ac9d52da48b3df427707b2c9dc6e28266f4b58,38,1.6801452666666645,1,0,1,0,0,0.0,1.982572,1,0,0.30242649999999305,0,0,1,0,0.30242649999999305,0,0,1,0,0.30242649999999305,0,0
cluster_40ms,sensitivity,adaptive,0.04,0.15,,P037,P037_pop909_dense_fast_095_bridge.mid,14ee870cca3317109b67f85cc0241e6678d38b8efed31130577d8d722e145a58,30,0.7977932666666666,1,0,1,0,0,0.0,1.095220,1,0,0.29742649999999815,0,0,1,0,0.29742649999999815,0,0,1,0,0.29742649999999815,0,0
cluster_40ms,sensitivity,adaptive,0.04,0.15,,P038,P038_pop909_dense_fast_727_bridge.mid,4cec022a9c9e7dd2ec868ae3124b7089c195126defe23b8a3d440d2c7bbaf873,45,1.2854942770833329,1,0,1,0,0,0.0,1.598828,1,0,0.3133333187499925,0,0,1,0,0.3133333187499925,0,0,1,0,0.3133333187499925,0,0
cluster_40ms,sensitivity,adaptive,0.04,0.15,,P039,P039_pop909_chromatic_outside_789_piano.mid,89dc01789fe23c4372b236cc806e6567b05346295e667c74639aa4642a3e304b,16,7.272728,3,0,3,2,0,0.0,1.323030;3.206061;7.557879,1,2,0.28515139166663417,2,0,1,2,0.28515139166663417,2,0,1,2,0.28515139166663417,2,0
cluster_40ms,sensitivity,adaptive,0.04,0.15,,P040,P040_pop909_chromatic_outside_064_piano.mid,76f70f424a678deaed9e02ef3b85db1c47a828b39689b0fb75fd6c5cd5f84a3f,23,7.562499999999999,1,0,1,0,0,0.0,7.688333,1,0,0.12583333333331392,0,0,1,0,0.12583333333331392,0,0,1,0,0.12583333333331392,0,0
cluster_40ms,sensitivity,adaptive,0.04,0.15,,P041,P041_pop909_chromatic_outside_796_piano.mid,5313ed35276167210c99ca9b0d50773ad1c5a71997072b20b1653efba88eb36f,20,6.486488,1,0,1,0,0,0.0,7.736556,0,-1,,1,1,0,-1,,1,1,1,0,1.2500675395833039,0,0
cluster_40ms,sensitivity,adaptive,0.04,0.15,,P042,P042_pop909_chromatic_outside_254_piano.mid,dfb97d893bd303a0043e98fe7c14dc376233ce114864c10be992cad37ef88538,24,3.3027539999999993,1,0,1,0,0,0.0,4.121791,0,-1,,1,1,1,0,0.8190365520833103,0,0,1,0,0.8190365520833103,0,0
cluster_40ms,sensitivity,adaptive,0.04,0.15,,P043,P043_pop909_chromatic_outside_311_bridge.mid,8bb993a52d683a9b093e77f22d9fa6d3df633472edafb5a0056e4e19b5852902,14,7.5,3,0,3,2,0,0.0,2.180937;5.930937;8.425938,0,-1,,3,1,1,2,0.9259375000000531,2,0,1,2,0.9259375000000531,2,0
cluster_40ms,sensitivity,adaptive,0.04,0.15,,P044,P044_pop909_false_ending_pause_322_bridge.mid,92fa6bc714e6881f40bd275254b082416486b9d155453539c6e2e9cce641a65c,7,4.633333333333333,1,0,1,0,0,0.0,4.742500,1,0,0.10916666666663222,0,0,1,0,0.10916666666663222,0,0,1,0,0.10916666666663222,0,0
cluster_40ms,sensitivity,adaptive,0.04,0.15,,P045,P045_pop909_false_ending_pause_008_bridge.mid,28ee69826748317d665163811014939ed01825addd8f2c9505d27364a6b4adc8,7,4.876923483333333,2,0,2,2,0,0.0,2.204615;4.570769,0,-1,,2,1,0,-1,,2,1,0,-1,,2,1
cluster_40ms,sensitivity,adaptive,0.04,0.15,,P046,P046_pop909_false_ending_pause_253_bridge.mid,0e6ab6a38b763c541fa954510aaf319efab974b676865fe44aaa2c2338435f50,7,5.9943121875,2,0,2,1,1,0.0,2.430226;8.416132,0,-1,,2,1,0,-1,,2,1,0,-1,,2,1
cluster_40ms,sensitivity,adaptive,0.04,0.15,,P047,P047_pop909_false_ending_pause_396_melody.mid,45f3dedbc0915a84ff315fcf7040e15383bbafbc739845cd8f4e4db11fbe1207,7,3.8673180812499997,1,0,1,1,0,0.0,3.542681,0,-1,,1,1,0,-1,,1,1,0,-1,,1,1
cluster_40ms,sensitivity,adaptive,0.04,0.15,,P048,P048_pop909_repetition_tail_234_bridge.mid,8edaf0b3c05cb78569d9801754c34b780426e21b3654154ff150d50ac4c12b59,8,4.000000000000001,2,0,2,1,0,0.0,3.011250;4.761250,0,-1,,2,1,1,1,0.7612499999999809,1,0,1,1,0.7612499999999809,1,0
cluster_40ms,sensitivity,adaptive,0.04,0.15,,P049,P049_pop909_repetition_tail_282_bridge.mid,b5bf7675db361f16e2641027f14dbd38a665a77edf6ca030a9254be54ddab400,8,5.691775224999999,1,0,1,0,0,0.0,7.096159,0,-1,,1,1,0,-1,,1,1,1,0,1.4043838916666296,0,0
cluster_40ms,sensitivity,adaptive,0.04,0.15,,P050,P050_pop909_repetition_tail_340_bridge.mid,92dfb3e992339ebac2e7204e10ece5a799d2ae91faeb4c2a0ff6f5611e0bfbac,8,5.245888,2,0,2,1,0,0.0,3.827151;6.121161,0,-1,,2,1,1,1,0.8752734833333129,1,0,1,1,0.8752734833333129,1,0
cluster_120ms,sensitivity,adaptive,0.12,0.15,,A01,A01_c_pentatonic_balanced.mid,e7a1620ba70d4372e998376d91e2f55590448a9cf5878e969a0f70d410659845,14,4.8,1,0,1,0,0,0.0,5.470000,0,-1,,1,1,1,0,0.669999999999976,0,0,1,0,0.669999999999976,0,0
cluster_120ms,sensitivity,adaptive,0.12,0.15,,A02,A02_a_minor_pentatonic_question.mid,5166d8996017b0341f9265fc4539b25d09211f1cc291b1e25a4623e68b1bbc0e,12,5.054348499999999,1,0,1,0,0,0.0,5.747174,0,-1,,1,1,1,0,0.6928259999999717,0,0,1,0,0.6928259999999717,0,0
cluster_120ms,sensitivity,adaptive,0.12,0.15,,A03,A03_a_blues_tension.mid,1c61cef65142077e0ea54a46832f15bf535a35b23c920ee8e40193b877467fd4,13,4.166669999999999,1,0,1,0,0,0.0,4.721114,0,-1,,1,1,1,0,0.5544439999999771,0,0,1,0,0.5544439999999771,0,0
cluster_120ms,sensitivity,adaptive,0.12,0.15,,A04,A04_classical_antecedent.mid,3b1b42414601831b09678bb49b714e6512be53f451a517170b48c6c3addb07f1,10,4.6499999999999995,1,0,1,0,0,0.0,5.425000,0,-1,,1,1,1,0,0.774999999999971,0,0,1,0,0.774999999999971,0,0
cluster_120ms,sensitivity,adaptive,0.12,0.15,,A05,A05_repetition_tail.mid,c615435e6cf9b0af8c8e4a2d9b7f28ccef90f4cc20ddffc10e23c15ec2296b28,12,4.182691749999999,2,1,1,0,0,0.5,4.720769,0,-1,,1,1,1,0,0.5380769999999764,0,0,1,0,0.5380769999999764,0,0
cluster_120ms,sensitivity,adaptive,0.12,0.15,,A06,A06_syncopated_pop.mid,25a2a2e4aea59cacc8434b36ae5173bd34aaa66ee7eec8c2e460f3f72addaf0e,12,4.3867945,1,0,1,0,0,0.0,5.318775,0,-1,,1,1,1,0,0.9319809999999737,0,0,1,0,0.9319809999999737,0,0
cluster_120ms,sensitivity,adaptive,0.12,0.15,,A07,A07_sparse_long_tones.mid,fb6faee9d721a971b5d6388dc979e5a15c26d45366bfef7ade9a8f82eec3358d,6,5.454543999999999,1,0,1,0,1,0.0,7.787726,0,-1,,1,1,0,-1,,1,1,0,-1,,1,1
cluster_120ms,sensitivity,adaptive,0.12,0.15,,A08,A08_dense_eighth_motion.mid,48faeb92585381b6928f2dc31a3119ec234d815efc25ec9d1ba67538fc3f6b41,16,4.285712000000002,1,0,1,0,0,0.0,4.977855,0,-1,,1,1,1,0,0.6921429999999793,0,0,1,0,0.6921429999999793,0,0
cluster_120ms,sensitivity,adaptive,0.12,0.15,,A09,A09_arched_contour.mid,91acd677fdf9a30e64f3584796b5fc38d648b1ddf3785f4d6a6445102c15ee7c,11,4.6875,1,0,1,0,0,0.0,5.492500,0,-1,,1,1,1,0,0.8049999999999695,0,0,1,0,0.8049999999999695,0,0
cluster_120ms,sensitivity,adaptive,0.12,0.15,,A10,A10_leap_gap_fill.mid,6639c3bceab3644ea59e759d1e92e76bcc9a082b5edaea30893d44682f7f3a97,13,4.6499999999999995,1,0,1,0,0,0.0,5.385000,0,-1,,1,1,1,0,0.7349999999999746,0,0,1,0,0.7349999999999746,0,0
cluster_120ms,sensitivity,adaptive,0.12,0.15,,R01,R01_390-v1.mid,e44793c8c043f7c92184c6189f5e7b1af47c202aaa6df435a76a4d26268313aa,13,4.0,2,0,2,1,0,0.0,2.044583;4.794583,0,-1,,2,1,1,1,0.7945833333333141,1,0,1,1,0.7945833333333141,1,0
cluster_120ms,sensitivity,adaptive,0.12,0.15,,R02,R02_667-v3.mid,af3cbab9e93480a553c9a217fc1abefdf3db788d071132050fca4cbfe862cdaa,8,4.0,1,0,1,0,0,0.0,4.377083,1,0,0.37708333333330746,0,0,1,0,0.37708333333330746,0,0,1,0,0.37708333333330746,0,0
cluster_120ms,sensitivity,adaptive,0.12,0.15,,R03,R03_174-v2.mid,88f11f634584a21ce30b0dc39c608cde9da43c7936400bba985f8702ecf9e962,12,3.9999999999999996,2,0,2,1,0,0.0,2.002917;4.597917,0,-1,,2,1,1,1,0.5979166666666536,1,0,1,1,0.5979166666666536,1,0
cluster_120ms,sensitivity,adaptive,0.12,0.15,,R04,R04_339-v2.mid,828aff4f088b889d0715fee3e65e9243f89520710a795fa7e4b585407a7da650,9,3.817708333333333,1,0,1,0,0,0.0,4.622292,0,-1,,1,1,1,0,0.8045833333333121,0,0,1,0,0.8045833333333121,0,0
cluster_120ms,sensitivity,adaptive,0.12,0.15,,R05,R05_581.mid,766b0c79d6f6905d1c32f244469b14bf48cb861e79ceede6ac2ee1929437dcf4,13,4.0,1,0,1,0,0,0.0,4.776875,0,-1,,1,1,1,0,0.7768749999999809,0,0,1,0,0.7768749999999809,0,0
cluster_120ms,sensitivity,adaptive,0.12,0.15,,R06,R06_132-v2.mid,e1ccff44d4528b8e4af0e40bdc4699a89e46169a5a6c766acc8ac50740c17bc4,15,4.0,1,0,1,0,0,0.0,4.744792,0,-1,,1,1,1,0,0.7447916666666501,0,0,1,0,0.7447916666666501,0,0
cluster_120ms,sensitivity,adaptive,0.12,0.15,,R07,R07_664-v2.mid,d84d97d7bfa78ff716110978692047e182ce9f01efee7a44f583544e113fed69,11,4.0,2,0,2,1,0,0.0,2.920625;4.795625,0,-1,,2,1,1,1,0.7956249999999807,1,0,1,1,0.7956249999999807,1,0
cluster_120ms,sensitivity,adaptive,0.12,0.15,,R08,R08_266-v1.mid,a60f28e61f3323d5039cd94cdaea65c36ca0311962a73686837cf9dfdde0799d,8,4.0,1,0,1,0,0,0.0,4.440000,1,0,0.4399999999999702,0,0,1,0,0.4399999999999702,0,0,1,0,0.4399999999999702,0,0
cluster_120ms,sensitivity,adaptive,0.12,0.15,,R09,R09_433.mid,e1f859f9f55ce2a1718a88f1ce5f88ffffd035cd2ac61aeba9f71e42eb3d1658,23,4.000000000000001,1,0,1,0,0,0.0,4.607708,0,-1,,1,1,1,0,0.6077083333333198,0,0,1,0,0.6077083333333198,0,0
cluster_120ms,sensitivity,adaptive,0.12,0.15,,R10,R10_039-v2.mid,25635c75dc841999c02ffb9b7d67ef21f421bef585b28e0635701689b574a8f6,11,4.000000000000001,2,0,2,1,1,0.0,3.580833;15.990208,0,-1,,2,1,0,-1,,2,1,0,-1,,2,1
cluster_120ms,sensitivity,adaptive,0.12,0.15,,R11,R11_538.mid,676637ee06573aad6e8ea80367346578ac11b8ed36c9f8ce5702eda3643830ab,20,3.921875,1,0,1,0,0,0.0,4.330833,1,0,0.4089583333333211,0,0,1,0,0.4089583333333211,0,0,1,0,0.4089583333333211,0,0
cluster_120ms,sensitivity,adaptive,0.12,0.15,,R12,R12_457.mid,151dd04bd54d11512876bab817410ae94fb81547894ff0a3b96401968101f6df,13,4.0,2,0,2,1,0,0.0,2.326250;5.736250,0,-1,,2,1,0,-1,,2,1,1,1,1.7362499999999619,1,0
cluster_120ms,sensitivity,adaptive,0.12,0.15,,R13,R13_353-v1.mid,ef59a3cdc969d70fd54c9cd52a37e30deb9772958305ace368edde9ea5afc7c3,11,4.0,2,0,2,1,0,0.0,1.859167;4.859167,0,-1,,2,1,1,1,0.8591666666666473,1,0,1,1,0.8591666666666473,1,0
cluster_120ms,sensitivity,adaptive,0.12,0.15,,R14,R14_073.mid,6014529ddd8b96a82fd599bf2e0268f5da21dad2080ba59e69de225512a58ee3,12,3.939583333333333,1,0,1,0,0,0.0,4.832708,0,-1,,1,1,1,0,0.8931249999999782,0,0,1,0,0.8931249999999782,0,0
cluster_120ms,sensitivity,adaptive,0.12,0.15,,R15,R15_156-v2.mid,d6ae647242ceff286d61867ebb06ee767c382eed20c618f7988a94d4733b7d8d,9,4.0,2,0,2,1,1,0.0,3.896875;16.056875,0,-1,,2,1,0,-1,,2,1,0,-1,,2,1
cluster_120ms,sensitivity,adaptive,0.12,0.15,,R16,R16_249.mid,32c21206c709d04269f4de5a9705ca310189a55c657a53ea8612ed3c5ac480dd,8,4.0,1,0,1,0,0,0.0,5.295625,0,-1,,1,1,0,-1,,1,1,1,0,1.2956249999999647,0,0
cluster_120ms,sensitivity,adaptive,0.12,0.15,,R17,R17_319.mid,7b40b95a494f202130093514531c7232c45d539c2a7ebafe5dee64fac4bc0e7e,18,4.0,1,0,1,0,0,0.0,4.570208,0,-1,,1,1,1,0,0.5702083333333201,0,0,1,0,0.5702083333333201,0,0
cluster_120ms,sensitivity,adaptive,0.12,0.15,,R18,R18_249.mid,0dc5853f595ca79ae339d76ccf661f166c739dba3b0cb0d66eeb860ef17dd7c0,9,4.0,1,0,1,0,0,0.0,4.365625,1,0,0.3656249999999739,0,0,1,0,0.3656249999999739,0,0,1,0,0.3656249999999739,0,0
cluster_120ms,sensitivity,adaptive,0.12,0.15,,R19,R19_733.mid,73dc520e4f2e19e784486fb5160d0686a1f7d90b81c9bb57b8e6478f3b2032fe,10,4.0,2,0,2,1,0,0.0,1.744583;4.344583,1,1,0.3445833333333175,1,0,1,1,0.3445833333333175,1,0,1,1,0.3445833333333175,1,0
cluster_120ms,sensitivity,adaptive,0.12,0.15,,R20,R20_660.mid,a3a01235dabd1fd09f3b7047e7b59bee8af87f41bc4456aa3e261bc412d6998a,8,3.983333333333334,1,0,1,0,0,0.0,5.447708,0,-1,,1,1,0,-1,,1,1,1,0,1.4643749999999653,0,0
cluster_120ms,sensitivity,adaptive,0.12,0.15,,R21,R21_756-v2.mid,7b479a282dd8ac5742239c1fda08a8a89a1834843d91b2b219beaa12a020ebdc,8,4.0,1,0,1,0,0,0.0,5.600625,0,-1,,1,1,0,-1,,1,1,1,0,1.6006249999999627,0,0
cluster_120ms,sensitivity,adaptive,0.12,0.15,,R22,R22_156.mid,530aaba96af00f7031edd5c0b26b6a257808c3f3d7df6c3d36f325fc29229487,10,4.0,2,0,2,1,1,0.0,3.791875;16.056875,0,-1,,2,1,0,-1,,2,1,0,-1,,2,1
cluster_120ms,sensitivity,adaptive,0.12,0.15,,R23,R23_645.mid,4089adb020ffa2aa242ec57c10ef8efd9ad726c8c6bf22e335e91d65a5783ac4,12,3.9999999999999996,2,0,2,1,0,0.0,3.363958;4.568958,0,-1,,2,1,1,1,0.5689583333333181,1,0,1,1,0.5689583333333181,1,0
cluster_120ms,sensitivity,adaptive,0.12,0.15,,R24,R24_242-v2.mid,5a18cae5a6fd996e3688bb05a6723665c26e561d21b88c112d65d4a6bdb51fca,15,4.000000000000001,3,1,2,1,0,0.3333333333333333,3.341458;4.591458,0,-1,,2,1,1,1,0.5914583333333194,1,0,1,1,0.5914583333333194,1,0
cluster_120ms,sensitivity,adaptive,0.12,0.15,,R25,R25_618-v1.mid,56ff3fa00dc9e75c7913306f4a8cede335d24189bb8e26cfce827120f12743c7,10,4.0,2,0,2,1,0,0.0,3.186250;4.586250,0,-1,,2,1,1,1,0.5862499999999864,1,0,1,1,0.5862499999999864,1,0
cluster_120ms,sensitivity,adaptive,0.12,0.15,,R26,R26_560-v1.mid,f0d0a16aff422f9a5877f2944cdd0b959b4801aa449310959626fa7dbd7a6edb,15,3.951041666666667,2,1,1,0,0,0.5,4.622917,0,-1,,1,1,1,0,0.6718749999999831,0,0,1,0,0.6718749999999831,0,0
cluster_120ms,sensitivity,adaptive,0.12,0.15,,R27,R27_735.mid,c6fabc901af844a2236d5a2956bd48e11d7952607af238e872c0dc7f65dbaa6f,16,4.0,2,1,1,0,0,0.5,4.795625,0,-1,,1,1,1,0,0.7956249999999816,0,0,1,0,0.7956249999999816,0,0
cluster_120ms,sensitivity,adaptive,0.12,0.15,,R28,R28_804-v3.mid,f2326f94ae3ec36fd956ed7a74f507c37dfaeae99fddbfc7f2cbf87414f92030,11,3.9802083333333336,2,0,2,1,0,0.0,2.786250;4.786250,0,-1,,2,1,1,1,0.8060416666666477,1,0,1,1,0.8060416666666477,1,0
cluster_120ms,sensitivity,adaptive,0.12,0.15,,R29,R29_846-v2.mid,b750d5ab04a7fcc02298fea281e624dbc92dd1640a17037e580bb5b845ab517b,12,4.0,2,1,1,0,0,0.5,4.812917,0,-1,,1,1,1,0,0.8129166666666441,0,0,1,0,0.8129166666666441,0,0
cluster_120ms,sensitivity,adaptive,0.12,0.15,,R30,R30_002-v2.mid,3b8c10e5c6886af05080687f0bc745791d33e73b2cec916337c1799e43024254,19,4.0,1,0,1,0,0,0.0,4.747917,0,-1,,1,1,1,0,0.7479166666666499,0,0,1,0,0.7479166666666499,0,0
cluster_120ms,sensitivity,adaptive,0.12,0.15,,R31,R31_069-v5.mid,ad5859e7014674fc2b088288d32445f60e2790c868a97bae22f5c6c6f7a9c906,10,4.0,1,0,1,0,0,0.0,4.614583,0,-1,,1,1,1,0,0.6145833333333073,0,0,1,0,0.6145833333333073,0,0
cluster_120ms,sensitivity,adaptive,0.12,0.15,,R32,R32_290-v2.mid,b6d63759467030d9561098d602d2077dba3fd2e6533d64bc6401940ec9398bd7,11,4.0,3,0,3,2,0,0.0,0.866667;3.246667;4.496667,1,2,0.4966666666666528,2,0,1,2,0.4966666666666528,2,0,1,2,0.4966666666666528,2,0
cluster_120ms,sensitivity,adaptive,0.12,0.15,,R33,R33_144-v1.mid,14914529875824c38e895baf4969bc1f01031d5a20038d87474333091ce8bf16,21,4.0,1,0,1,0,0,0.0,4.573542,0,-1,,1,1,1,0,0.5735416666666548,0,0,1,0,0.5735416666666548,0,0
cluster_120ms,sensitivity,adaptive,0.12,0.15,,R34,R34_680-v3.mid,193fa77f9af23482857e237a7f27c3f78c79243d9a1ffca85d491c191040a3d9,15,4.0,1,0,1,0,0,0.0,4.773750,0,-1,,1,1,1,0,0.7737499999999811,0,0,1,0,0.7737499999999811,0,0
cluster_120ms,sensitivity,adaptive,0.12,0.15,,R35,R35_436-v2.mid,0db58df01ff0e7ef7665b41a914d45f2c8da7ce346a391eafaadda58c2fbcbd1,8,3.9999999999999996,2,0,2,1,0,0.0,2.049792;4.799792,0,-1,,2,1,1,1,0.7997916666666476,1,0,1,1,0.7997916666666476,1,0
cluster_120ms,sensitivity,adaptive,0.12,0.15,,R36,R36_230.mid,292e936198ef29131aa14fa25acb693df0d1183ea1dde8ce70b941f2378a5b3c,11,4.0,2,0,2,1,0,0.0,2.227917;4.877917,0,-1,,2,1,1,1,0.8779166666666445,1,0,1,1,0.8779166666666445,1,0
cluster_120ms,sensitivity,adaptive,0.12,0.15,,R37,R37_667-v3.mid,3423caa4b45632a7f2c919a198ed678b6eb9786448d01e549dc32a5398afcf9f,7,4.0,1,0,1,0,0,0.0,5.932083,0,-1,,1,1,0,-1,,1,1,1,0,1.9320833333332903,0,0
cluster_120ms,sensitivity,adaptive,0.12,0.15,,R38,R38_136.mid,3abb38ce19d8de517c62b2014f88ea09cffbe9e6bf5ed9c01ed0c1155a8acbe5,14,4.0,2,1,1,0,0,0.5,4.935833,0,-1,,1,1,1,0,0.9358333333333118,0,0,1,0,0.9358333333333118,0,0
cluster_120ms,sensitivity,adaptive,0.12,0.15,,R39,R39_578-v3.mid,fceb1f97ce180f42e04547ff0aa0b9478cd06770ac604a3832d919926ad92aa7,16,4.0,1,0,1,0,0,0.0,4.743958,0,-1,,1,1,1,0,0.7439583333333175,0,0,1,0,0.7439583333333175,0,0
cluster_120ms,sensitivity,adaptive,0.12,0.15,,R40,R40_454.mid,d848f11068ba98d752767ac7826bc58b93c22e9b031ee710f0fae41eccde2eec,12,3.9187499999999997,1,0,1,0,0,0.0,4.954375,0,-1,,1,1,0,-1,,1,1,1,0,1.035624999999976,0,0
cluster_120ms,sensitivity,adaptive,0.12,0.15,,P001,P001_pop909_clear_motif_melody_298_bridge.mid,8b00372060ba7b623d803e3af7e70f5ef60b65f66816ad377f725005f4c84fa9,10,4.948456,2,1,1,0,0,0.5,6.278662,0,-1,,1,1,0,-1,,1,1,1,0,1.330206047916632,0,0
cluster_120ms,sensitivity,adaptive,0.12,0.15,,P002,P002_pop909_clear_motif_melody_248_bridge.mid,ccb942640a73e3e0122c796c0971c8f675a924861614fa62562f002ab9ef196d,10,3.478248,1,0,1,0,0,0.0,4.030315,0,-1,,1,1,1,0,0.5520668562499793,0,0,1,0,0.5520668562499793,0,0
cluster_120ms,sensitivity,adaptive,0.12,0.15,,P003,P003_pop909_clear_motif_melody_339_melody.mid,628d1079f63c4bf7a08c4ee78f0765919be119f7b82f8dc3ffde83afbb2238ec,10,6.3124899,2,0,2,1,0,0.0,4.710481;7.417143,0,-1,,2,1,0,-1,,2,1,1,1,1.104653258333303,1,0
cluster_120ms,sensitivity,adaptive,0.12,0.15,,P004,P004_pop909_clear_motif_melody_268_melody.mid,e1ad81a5ae674340b836f4d87a0f82f0920845ccc4214feb28ccf9b9603f0948,10,8.0,1,0,1,0,0,0.0,8.347500,1,0,0.347500000000041,0,0,1,0,0.347500000000041,0,0,1,0,0.347500000000041,0,0
cluster_120ms,sensitivity,adaptive,0.12,0.15,,P005,P005_pop909_clear_motif_melody_021_melody.mid,a1fe99526a41a4b56b5a507d209dd13d4105ef53e85d25dd53ce7e9ee5915ff3,10,4.13157275,2,1,1,0,0,0.5,5.173503,0,-1,,1,1,0,-1,,1,1,1,0,1.0419303541666372,0,0
cluster_120ms,sensitivity,adaptive,0.12,0.15,,P006,P006_pop909_clear_motif_melody_220_melody.mid,81d85ebdbdb62cf3dd0eb82602b7fe26907e395242e71f5bb78ef112438b09cc,10,3.870936,2,1,1,0,0,0.5,5.055615,0,-1,,1,1,0,-1,,1,1,1,0,1.1846787749999712,0,0
cluster_120ms,sensitivity,adaptive,0.12,0.15,,P007,P007_pop909_clear_motif_melody_273_melody.mid,b6f10983b8aa291a839fc6e5232bc1920fa3b1e354e6e03e788a7a6b17af9d59,10,6.48648,1,0,1,1,0,0.0,5.257293,0,-1,,1,1,0,-1,,1,1,0,-1,,1,1
cluster_120ms,sensitivity,adaptive,0.12,0.15,,P008,P008_pop909_clear_motif_melody_713_melody.mid,cc0088d140a0c7f748d7a717a6f796eed7338f6a4d8889e8e2eebd7fab8f8f51,10,5.454544,2,0,2,1,0,0.0,3.470284;6.129374,0,-1,,2,1,1,1,0.6748295708333165,1,0,1,1,0.6748295708333165,1,0
cluster_120ms,sensitivity,adaptive,0.12,0.15,,P009,P009_pop909_clear_motif_melody_328_melody.mid,e8885a270c794ef4d50b9e6e050e3a0d3d8301d178169d86d88126123dbf06e2,10,5.333328,2,0,2,1,0,0.0,2.229999;6.229995,0,-1,,2,1,1,1,0.896666924999975,1,0,1,1,0.896666924999975,1,0
cluster_120ms,sensitivity,adaptive,0.12,0.15,,P010,P010_pop909_clear_motif_melody_407_melody.mid,42e7658af7a87529d58b908a6d60cc195eeb297cdd129a98e1cb2649ce5aecce,10,6.15,1,0,1,1,0,0.0,5.520000,0,-1,,1,1,0,-1,,1,1,0,-1,,1,1
cluster_120ms,sensitivity,adaptive,0.12,0.15,,P011,P011_pop909_clear_motif_melody_119_melody.mid,896c48c32a15cf85bd286aa4436d0a697c9a91692eb0fb128687d212976619d5,10,7.272728,2,0,2,1,0,0.0,2.383182;8.742273,0,-1,,2,1,0,-1,,2,1,1,1,1.4695454500001004,1,0
cluster_120ms,sensitivity,adaptive,0.12,0.15,,P012,P012_pop909_clear_motif_melody_188_melody.mid,54bf4eb2f8bff2ccd5d214afc84523384678bdefdf3145e821781182c58bc003,10,4.363632000000001,3,0,3,2,0,0.0,1.535227;3.717043;5.080678,0,-1,,3,1,1,2,0.7170457124999796,2,0,1,2,0.7170457124999796,2,0
cluster_120ms,sensitivity,adaptive,0.12,0.15,,P013,P013_pop909_expressive_rubato_203_bridge.mid,d94792fd3118efad79013d413549904951e6acf204434771004ef7b6bac68e4a,9,3.000000000000001,2,0,2,1,1,0.0,1.478958;5.228958,0,-1,,2,1,0,-1,,2,1,0,-1,,2,1
cluster_120ms,sensitivity,adaptive,0.12,0.15,,P014,P014_pop909_expressive_rubato_203_bridge.mid,d78dea53ea8b5558568755412ec7c72b704ce448c1990fbb631bad2aba3c7411,9,3.0,1,0,1,0,1,0.0,5.228958,0,-1,,1,1,0,-1,,1,1,0,-1,,1,1
cluster_120ms,sensitivity,adaptive,0.12,0.15,,P015,P015_pop909_expressive_rubato_263_bridge.mid,fdbb28e369fed211abc0a0b53b2006a331c357c454f4284639fd36961d3aac40,16,5.333328000000002,1,0,1,0,1,0.0,7.450550,0,-1,,1,1,0,-1,,1,1,0,-1,,1,1
cluster_120ms,sensitivity,adaptive,0.12,0.15,,P016,P016_pop909_expressive_rubato_617_bridge.mid,37d4c7b2c4a5856f926b9e67a662ac676aa83beca73c7dfc2dd6c188e52a38a4,4,1.3348119999999997,1,0,1,0,0,0.0,3.228689,0,-1,,1,1,0,-1,,1,1,1,0,1.893876566666626,0,0
cluster_120ms,sensitivity,adaptive,0.12,0.15,,P017,P017_pop909_expressive_rubato_178_bridge.mid,cfbf91b1d04e90e9d2e6b6f7ddd9fc480393f1166fde55646495523c989f5d8e,20,6.760552000000001,1,0,1,0,1,0.0,8.855200,0,-1,,1,1,0,-1,,1,1,0,-1,,1,1
cluster_120ms,sensitivity,adaptive,0.12,0.15,,P018,P018_pop909_expressive_rubato_191_bridge.mid,b6e56889014ca3786b340c447e92d66f50ed149b21600186179487f5799f9b73,22,7.272727999999999,2,0,2,1,1,0.0,3.178712;9.865986,0,-1,,2,1,0,-1,,2,1,0,-1,,2,1
cluster_120ms,sensitivity,adaptive,0.12,0.15,,P019,P019_pop909_expressive_rubato_178_bridge.mid,51d4e82b5c0b217263d7a849828b0f05a8411876b0a87f85f4c175bf27767739,20,6.760551999999999,2,0,2,1,1,0.0,1.409717;9.161468,0,-1,,2,1,0,-1,,2,1,0,-1,,2,1
cluster_120ms,sensitivity,adaptive,0.12,0.15,,P020,P020_pop909_expressive_rubato_212_bridge.mid,6f5eee7b1684521d31dac9b4e36649e423a8ce813df0a5f142967525e2bf2e17,17,5.783128,2,0,2,1,0,0.0,4.248793;6.705357,0,-1,,2,1,1,1,0.9222291645833067,1,0,1,1,0.9222291645833067,1,0
cluster_120ms,sensitivity,adaptive,0.12,0.15,,P021,P021_pop909_chord_arpeggio_polyphonic_227_piano.mid,41b21fee0bca14bd00917fcf3d879b2fcebb9856fef2228a36e0b912e58444c9,18,7.1641759999999985,1,0,1,0,0,0.0,8.476340,0,-1,,1,1,0,-1,,1,1,1,0,1.3121642583333868,0,0
cluster_120ms,sensitivity,adaptive,0.12,0.15,,P022,P022_pop909_chord_arpeggio_polyphonic_003_piano.mid,ea9963c2ef0400f7458ed0b378c21cc36273462aabccb9685efcd21625bbdcfd,19,2.9268239999999985,1,0,1,0,0,0.0,3.706763,0,-1,,1,1,1,0,0.7799393124999803,0,0,1,0,0.7799393124999803,0,0
cluster_120ms,sensitivity,adaptive,0.12,0.15,,P023,P023_pop909_chord_arpeggio_polyphonic_222_piano.mid,bddeab49734bbbb17982dc09bdfaac6a8c2e1a112b7fd3464c5e7c9deadcfc94,19,6.1538400000000015,1,0,1,0,0,0.0,7.295507,0,-1,,1,1,0,-1,,1,1,1,0,1.141666999999969,0,0
cluster_120ms,sensitivity,adaptive,0.12,0.15,,P024,P024_pop909_chord_arpeggio_polyphonic_287_piano.mid,ec7a6fe844d8678913cee3e05d68bc85d02d45d316e498dcfe79e58c814953c2,26,6.9347729000000005,1,0,1,0,1,0.0,9.017672,0,-1,,1,1,0,-1,,1,1,0,-1,,1,1
cluster_120ms,sensitivity,adaptive,0.12,0.15,,P025,P025_pop909_chord_arpeggio_polyphonic_566_piano.mid,52dae62297b7cdeff27e0bea0925c8bebbbb999e9935efba566c8ffc51c206e8,22,5.783128,1,0,1,0,0,0.0,6.842405,0,-1,,1,1,0,-1,,1,1,1,0,1.0592772499999734,0,0
cluster_120ms,sensitivity,adaptive,0.12,0.15,,P026,P026_pop909_chord_arpeggio_polyphonic_106_piano.mid,5a21694b1c7abc6be7e5c6ee6dd6611dbca54dacb44c602d9f7dc226f5eaad89,28,7.1641759999999985,1,0,1,0,0,0.0,8.537907,0,-1,,1,1,0,-1,,1,1,1,0,1.3737313958333965,0,0
cluster_120ms,sensitivity,adaptive,0.12,0.15,,P027,P027_pop909_chord_arpeggio_polyphonic_218_piano.mid,3d2716434e914a4c1b7b0fee64a762d631c9eb844e328c4f880eb95f36c370a6,32,7.0588159999999975,1,0,1,0,0,0.0,7.957198,0,-1,,1,1,1,0,0.8983824666666456,0,0,1,0,0.8983824666666456,0,0
cluster_120ms,sensitivity,adaptive,0.12,0.15,,P028,P028_pop909_chord_arpeggio_polyphonic_242_piano.mid,cd5c6e16ed3247ea34a6331d4c2e4dd980c5793b2def6bf2d11ae3b4d6d7560e,27,7.868856,1,0,1,0,0,0.0,9.021069,0,-1,,1,1,0,-1,,1,1,1,0,1.1522130437501543,0,0
cluster_120ms,sensitivity,adaptive,0.12,0.15,,P029,P029_pop909_sparse_short_062_melody.mid,de331be603af62c8ecaeb6b4de4413d0dfe0f3c4a24efa36a90905ae0bb82a26,3,3.24324,1,0,1,0,0,0.0,4.500268,0,-1,,1,1,0,-1,,1,1,1,0,1.257027749999958,0,0
cluster_120ms,sensitivity,adaptive,0.12,0.15,,P030,P030_pop909_sparse_short_062_melody.mid,f2c561cfdf3ae696074a8292cfd9b6e91d18a740bb99c9c5ad4661e2b5225717,3,2.12837625,1,0,1,1,0,0.0,1.258243,0,-1,,1,1,0,-1,,1,1,0,-1,,1,1
cluster_120ms,sensitivity,adaptive,0.12,0.15,,P031,P031_pop909_sparse_short_062_melody.mid,113bb580ca65ca779549df831e3b90b62932fe9eb9935891172b6636ee9e6079,3,3.24324,1,0,1,0,0,0.0,4.500268,0,-1,,1,1,0,-1,,1,1,1,0,1.257027749999958,0,0
cluster_120ms,sensitivity,adaptive,0.12,0.15,,P032,P032_pop909_sparse_short_062_melody.mid,2638d2ec8832338b8f57a7147f9874c863c36279707599ffbd8782269c399746,3,3.24324,1,0,1,0,0,0.0,4.500268,0,-1,,1,1,0,-1,,1,1,1,0,1.257027749999958,0,0
cluster_120ms,sensitivity,adaptive,0.12,0.15,,P033,P033_pop909_sparse_short_062_melody.mid,dcf51fe0bedf2f9e1acede760976dcde4a78650e163ec3c6ce86d970b4cc65c3,3,3.24324,1,0,1,0,0,0.0,4.500268,0,-1,,1,1,0,-1,,1,1,1,0,1.257027749999958,0,0
cluster_120ms,sensitivity,adaptive,0.12,0.15,,P034,P034_pop909_dense_fast_095_bridge.mid,1eec4634489ebc2145d5d07f86a58778c994982c97d2dd5704238989cafe8164,49,1.7610275333333312,1,0,1,0,0,0.0,2.290807,0,-1,,1,1,1,0,0.5297794333333217,0,0,1,0,0.5297794333333217,0,0
cluster_120ms,sensitivity,adaptive,0.12,0.15,,P035,P035_pop909_dense_fast_351_bridge.mid,cce631ae36062ea5c6c5856ce61c72dee517b0d26fc59e569c45986becb91fa5,28,1.0351939999999993,1,0,1,0,0,0.0,1.512946,1,0,0.4777520854166557,0,0,1,0,0.4777520854166557,0,0,1,0,0.4777520854166557,0,0
cluster_120ms,sensitivity,adaptive,0.12,0.15,,P036,P036_pop909_dense_fast_095_bridge.mid,8d7b860e3c98cfc78be2b1d435ac9d52da48b3df427707b2c9dc6e28266f4b58,38,1.6801452666666645,1,0,1,0,0,0.0,2.192572,0,-1,,1,1,1,0,0.5124264999999888,0,0,1,0,0.5124264999999888,0,0
cluster_120ms,sensitivity,adaptive,0.12,0.15,,P037,P037_pop909_dense_fast_095_bridge.mid,14ee870cca3317109b67f85cc0241e6678d38b8efed31130577d8d722e145a58,30,0.7977932666666666,1,0,1,0,0,0.0,1.315220,0,-1,,1,1,1,0,0.5174264999999935,0,0,1,0,0.5174264999999935,0,0
cluster_120ms,sensitivity,adaptive,0.12,0.15,,P038,P038_pop909_dense_fast_727_bridge.mid,4cec022a9c9e7dd2ec868ae3124b7089c195126defe23b8a3d440d2c7bbaf873,45,1.2854942770833329,1,0,1,0,0,0.0,1.808828,0,-1,,1,1,1,0,0.523333318749988,0,0,1,0,0.523333318749988,0,0
cluster_120ms,sensitivity,adaptive,0.12,0.15,,P039,P039_pop909_chromatic_outside_789_piano.mid,89dc01789fe23c4372b236cc806e6567b05346295e667c74639aa4642a3e304b,16,7.272728,1,0,1,0,1,0.0,10.032879,0,-1,,1,1,0,-1,,1,1,0,-1,,1,1
cluster_120ms,sensitivity,adaptive,0.12,0.15,,P040,P040_pop909_chromatic_outside_064_piano.mid,76f70f424a678deaed9e02ef3b85db1c47a828b39689b0fb75fd6c5cd5f84a3f,23,7.562499999999999,1,0,1,0,0,0.0,7.688333,1,0,0.12583333333331392,0,0,1,0,0.12583333333331392,0,0,1,0,0.12583333333331392,0,0
cluster_120ms,sensitivity,adaptive,0.12,0.15,,P041,P041_pop909_chromatic_outside_796_piano.mid,5313ed35276167210c99ca9b0d50773ad1c5a71997072b20b1653efba88eb36f,20,6.486488,1,0,1,0,0,0.0,7.736556,0,-1,,1,1,0,-1,,1,1,1,0,1.2500675395833039,0,0
cluster_120ms,sensitivity,adaptive,0.12,0.15,,P042,P042_pop909_chromatic_outside_254_piano.mid,dfb97d893bd303a0043e98fe7c14dc376233ce114864c10be992cad37ef88538,24,3.3027539999999993,1,0,1,0,0,0.0,4.121791,0,-1,,1,1,1,0,0.8190365520833103,0,0,1,0,0.8190365520833103,0,0
cluster_120ms,sensitivity,adaptive,0.12,0.15,,P043,P043_pop909_chromatic_outside_311_bridge.mid,8bb993a52d683a9b093e77f22d9fa6d3df633472edafb5a0056e4e19b5852902,14,7.5,3,0,3,2,0,0.0,2.180937;5.930937;8.425938,0,-1,,3,1,1,2,0.9259375000000531,2,0,1,2,0.9259375000000531,2,0
cluster_120ms,sensitivity,adaptive,0.12,0.15,,P044,P044_pop909_false_ending_pause_322_bridge.mid,92fa6bc714e6881f40bd275254b082416486b9d155453539c6e2e9cce641a65c,7,4.633333333333333,1,0,1,0,0,0.0,4.742500,1,0,0.10916666666663222,0,0,1,0,0.10916666666663222,0,0,1,0,0.10916666666663222,0,0
cluster_120ms,sensitivity,adaptive,0.12,0.15,,P045,P045_pop909_false_ending_pause_008_bridge.mid,28ee69826748317d665163811014939ed01825addd8f2c9505d27364a6b4adc8,7,4.876923483333333,2,0,2,2,0,0.0,2.204615;4.570769,0,-1,,2,1,0,-1,,2,1,0,-1,,2,1
cluster_120ms,sensitivity,adaptive,0.12,0.15,,P046,P046_pop909_false_ending_pause_253_bridge.mid,0e6ab6a38b763c541fa954510aaf319efab974b676865fe44aaa2c2338435f50,7,5.9943121875,2,0,2,1,1,0.0,2.740226;8.416132,0,-1,,2,1,0,-1,,2,1,0,-1,,2,1
cluster_120ms,sensitivity,adaptive,0.12,0.15,,P047,P047_pop909_false_ending_pause_396_melody.mid,45f3dedbc0915a84ff315fcf7040e15383bbafbc739845cd8f4e4db11fbe1207,7,3.8673180812499997,1,0,1,1,0,0.0,3.542681,0,-1,,1,1,0,-1,,1,1,0,-1,,1,1
cluster_120ms,sensitivity,adaptive,0.12,0.15,,P048,P048_pop909_repetition_tail_234_bridge.mid,8edaf0b3c05cb78569d9801754c34b780426e21b3654154ff150d50ac4c12b59,8,4.000000000000001,2,0,2,1,0,0.0,3.011250;4.761250,0,-1,,2,1,1,1,0.7612499999999809,1,0,1,1,0.7612499999999809,1,0
cluster_120ms,sensitivity,adaptive,0.12,0.15,,P049,P049_pop909_repetition_tail_282_bridge.mid,b5bf7675db361f16e2641027f14dbd38a665a77edf6ca030a9254be54ddab400,8,5.691775224999999,1,0,1,0,0,0.0,7.096159,0,-1,,1,1,0,-1,,1,1,1,0,1.4043838916666296,0,0
cluster_120ms,sensitivity,adaptive,0.12,0.15,,P050,P050_pop909_repetition_tail_340_bridge.mid,92dfb3e992339ebac2e7204e10ece5a799d2ae91faeb4c2a0ff6f5611e0bfbac,8,5.245888,2,0,2,1,0,0.0,3.827151;6.531161,0,-1,,2,1,0,-1,,2,1,1,1,1.2852734833333042,1,0
confirm_75ms,sensitivity,adaptive,0.08,0.075,,A01,A01_c_pentatonic_balanced.mid,e7a1620ba70d4372e998376d91e2f55590448a9cf5878e969a0f70d410659845,14,4.8,1,0,1,0,0,0.0,5.395000,0,-1,,1,1,1,0,0.5949999999999775,0,0,1,0,0.5949999999999775,0,0
confirm_75ms,sensitivity,adaptive,0.08,0.075,,A02,A02_a_minor_pentatonic_question.mid,5166d8996017b0341f9265fc4539b25d09211f1cc291b1e25a4623e68b1bbc0e,12,5.054348499999999,1,0,1,0,0,0.0,5.672174,0,-1,,1,1,1,0,0.6178259999999733,0,0,1,0,0.6178259999999733,0,0
confirm_75ms,sensitivity,adaptive,0.08,0.075,,A03,A03_a_blues_tension.mid,1c61cef65142077e0ea54a46832f15bf535a35b23c920ee8e40193b877467fd4,13,4.166669999999999,1,0,1,0,0,0.0,4.646114,1,0,0.47944399999997867,0,0,1,0,0.47944399999997867,0,0,1,0,0.47944399999997867,0,0
confirm_75ms,sensitivity,adaptive,0.08,0.075,,A04,A04_classical_antecedent.mid,3b1b42414601831b09678bb49b714e6512be53f451a517170b48c6c3addb07f1,10,4.6499999999999995,1,0,1,0,0,0.0,5.350000,0,-1,,1,1,1,0,0.6999999999999726,0,0,1,0,0.6999999999999726,0,0
confirm_75ms,sensitivity,adaptive,0.08,0.075,,A05,A05_repetition_tail.mid,c615435e6cf9b0af8c8e4a2d9b7f28ccef90f4cc20ddffc10e23c15ec2296b28,12,4.182691749999999,2,1,1,0,0,0.5,4.645769,1,0,0.463076999999978,0,0,1,0,0.463076999999978,0,0,1,0,0.463076999999978,0,0
confirm_75ms,sensitivity,adaptive,0.08,0.075,,A06,A06_syncopated_pop.mid,25a2a2e4aea59cacc8434b36ae5173bd34aaa66ee7eec8c2e460f3f72addaf0e,12,4.3867945,1,0,1,0,0,0.0,5.243775,0,-1,,1,1,1,0,0.8569809999999753,0,0,1,0,0.8569809999999753,0,0
confirm_75ms,sensitivity,adaptive,0.08,0.075,,A07,A07_sparse_long_tones.mid,fb6faee9d721a971b5d6388dc979e5a15c26d45366bfef7ade9a8f82eec3358d,6,5.454543999999999,1,0,1,0,1,0.0,7.712726,0,-1,,1,1,0,-1,,1,1,0,-1,,1,1
confirm_75ms,sensitivity,adaptive,0.08,0.075,,A08,A08_dense_eighth_motion.mid,48faeb92585381b6928f2dc31a3119ec234d815efc25ec9d1ba67538fc3f6b41,16,4.285712000000002,1,0,1,0,0,0.0,4.902855,0,-1,,1,1,1,0,0.6171429999999809,0,0,1,0,0.6171429999999809,0,0
confirm_75ms,sensitivity,adaptive,0.08,0.075,,A09,A09_arched_contour.mid,91acd677fdf9a30e64f3584796b5fc38d648b1ddf3785f4d6a6445102c15ee7c,11,4.6875,1,0,1,0,0,0.0,5.417500,0,-1,,1,1,1,0,0.7299999999999711,0,0,1,0,0.7299999999999711,0,0
confirm_75ms,sensitivity,adaptive,0.08,0.075,,A10,A10_leap_gap_fill.mid,6639c3bceab3644ea59e759d1e92e76bcc9a082b5edaea30893d44682f7f3a97,13,4.6499999999999995,1,0,1,0,0,0.0,5.310000,0,-1,,1,1,1,0,0.6599999999999762,0,0,1,0,0.6599999999999762,0,0
confirm_75ms,sensitivity,adaptive,0.08,0.075,,R01,R01_390-v1.mid,e44793c8c043f7c92184c6189f5e7b1af47c202aaa6df435a76a4d26268313aa,13,4.0,2,0,2,1,0,0.0,1.969583;4.719583,0,-1,,2,1,1,1,0.7195833333333157,1,0,1,1,0.7195833333333157,1,0
confirm_75ms,sensitivity,adaptive,0.08,0.075,,R02,R02_667-v3.mid,af3cbab9e93480a553c9a217fc1abefdf3db788d071132050fca4cbfe862cdaa,8,4.0,1,0,1,0,0,0.0,4.302083,1,0,0.30208333333330906,0,0,1,0,0.30208333333330906,0,0,1,0,0.30208333333330906,0,0
confirm_75ms,sensitivity,adaptive,0.08,0.075,,R03,R03_174-v2.mid,88f11f634584a21ce30b0dc39c608cde9da43c7936400bba985f8702ecf9e962,12,3.9999999999999996,2,0,2,1,0,0.0,1.927917;4.522917,0,-1,,2,1,1,1,0.5229166666666551,1,0,1,1,0.5229166666666551,1,0
confirm_75ms,sensitivity,adaptive,0.08,0.075,,R04,R04_339-v2.mid,828aff4f088b889d0715fee3e65e9243f89520710a795fa7e4b585407a7da650,9,3.817708333333333,1,0,1,0,0,0.0,4.547292,0,-1,,1,1,1,0,0.7295833333333137,0,0,1,0,0.7295833333333137,0,0
confirm_75ms,sensitivity,adaptive,0.08,0.075,,R05,R05_581.mid,766b0c79d6f6905d1c32f244469b14bf48cb861e79ceede6ac2ee1929437dcf4,13,4.0,1,0,1,0,0,0.0,4.701875,0,-1,,1,1,1,0,0.7018749999999825,0,0,1,0,0.7018749999999825,0,0
confirm_75ms,sensitivity,adaptive,0.08,0.075,,R06,R06_132-v2.mid,e1ccff44d4528b8e4af0e40bdc4699a89e46169a5a6c766acc8ac50740c17bc4,15,4.0,1,0,1,0,0,0.0,4.669792,0,-1,,1,1,1,0,0.6697916666666517,0,0,1,0,0.6697916666666517,0,0
confirm_75ms,sensitivity,adaptive,0.08,0.075,,R07,R07_664-v2.mid,d84d97d7bfa78ff716110978692047e182ce9f01efee7a44f583544e113fed69,11,4.0,2,0,2,1,0,0.0,2.845625;4.720625,0,-1,,2,1,1,1,0.7206249999999823,1,0,1,1,0.7206249999999823,1,0
confirm_75ms,sensitivity,adaptive,0.08,0.075,,R08,R08_266-v1.mid,a60f28e61f3323d5039cd94cdaea65c36ca0311962a73686837cf9dfdde0799d,8,4.0,1,0,1,0,0,0.0,4.365000,1,0,0.3649999999999718,0,0,1,0,0.3649999999999718,0,0,1,0,0.3649999999999718,0,0
confirm_75ms,sensitivity,adaptive,0.08,0.075,,R09,R09_433.mid,e1f859f9f55ce2a1718a88f1ce5f88ffffd035cd2ac61aeba9f71e42eb3d1658,23,4.000000000000001,1,0,1,0,0,0.0,4.532708,0,-1,,1,1,1,0,0.5327083333333213,0,0,1,0,0.5327083333333213,0,0
confirm_75ms,sensitivity,adaptive,0.08,0.075,,R10,R10_039-v2.mid,25635c75dc841999c02ffb9b7d67ef21f421bef585b28e0635701689b574a8f6,11,4.000000000000001,2,0,2,1,1,0.0,3.505833;15.915208,0,-1,,2,1,0,-1,,2,1,0,-1,,2,1
confirm_75ms,sensitivity,adaptive,0.08,0.075,,R11,R11_538.mid,676637ee06573aad6e8ea80367346578ac11b8ed36c9f8ce5702eda3643830ab,20,3.921875,1,0,1,0,0,0.0,4.255833,1,0,0.3339583333333227,0,0,1,0,0.3339583333333227,0,0,1,0,0.3339583333333227,0,0
confirm_75ms,sensitivity,adaptive,0.08,0.075,,R12,R12_457.mid,151dd04bd54d11512876bab817410ae94fb81547894ff0a3b96401968101f6df,13,4.0,2,0,2,1,0,0.0,2.251250;5.661250,0,-1,,2,1,0,-1,,2,1,1,1,1.6612499999999635,1,0
confirm_75ms,sensitivity,adaptive,0.08,0.075,,R13,R13_353-v1.mid,ef59a3cdc969d70fd54c9cd52a37e30deb9772958305ace368edde9ea5afc7c3,11,4.0,2,0,2,1,0,0.0,1.784167;4.784167,0,-1,,2,1,1,1,0.7841666666666489,1,0,1,1,0.7841666666666489,1,0
confirm_75ms,sensitivity,adaptive,0.08,0.075,,R14,R14_073.mid,6014529ddd8b96a82fd599bf2e0268f5da21dad2080ba59e69de225512a58ee3,12,3.939583333333333,1,0,1,0,0,0.0,4.757708,0,-1,,1,1,1,0,0.8181249999999798,0,0,1,0,0.8181249999999798,0,0
confirm_75ms,sensitivity,adaptive,0.08,0.075,,R15,R15_156-v2.mid,d6ae647242ceff286d61867ebb06ee767c382eed20c618f7988a94d4733b7d8d,9,4.0,2,0,2,1,1,0.0,3.821875;15.981875,0,-1,,2,1,0,-1,,2,1,0,-1,,2,1
confirm_75ms,sensitivity,adaptive,0.08,0.075,,R16,R16_249.mid,32c21206c709d04269f4de5a9705ca310189a55c657a53ea8612ed3c5ac480dd,8,4.0,1,0,1,0,0,0.0,5.220625,0,-1,,1,1,0,-1,,1,1,1,0,1.2206249999999663,0,0
confirm_75ms,sensitivity,adaptive,0.08,0.075,,R17,R17_319.mid,7b40b95a494f202130093514531c7232c45d539c2a7ebafe5dee64fac4bc0e7e,18,4.0,1,0,1,0,0,0.0,4.495208,1,0,0.4952083333333217,0,0,1,0,0.4952083333333217,0,0,1,0,0.4952083333333217,0,0
confirm_75ms,sensitivity,adaptive,0.08,0.075,,R18,R18_249.mid,0dc5853f595ca79ae339d76ccf661f166c739dba3b0cb0d66eeb860ef17dd7c0,9,4.0,1,0,1,0,0,0.0,4.290625,1,0,0.2906249999999755,0,0,1,0,0.2906249999999755,0,0,1,0,0.2906249999999755,0,0
confirm_75ms,sensitivity,adaptive,0.08,0.075,,R19,R19_733.mid,73dc520e4f2e19e784486fb5160d0686a1f7d90b81c9bb57b8e6478f3b2032fe,10,4.0,2,0,2,1,0,0.0,1.669583;4.269583,1,1,0.2695833333333191,1,0,1,1,0.2695833333333191,1,0,1,1,0.2695833333333191,1,0
confirm_75ms,sensitivity,adaptive,0.08,0.075,,R20,R20_660.mid,a3a01235dabd1fd09f3b7047e7b59bee8af87f41bc4456aa3e261bc412d6998a,8,3.983333333333334,1,0,1,0,0,0.0,5.372708,0,-1,,1,1,0,-1,,1,1,1,0,1.389374999999967,0,0
confirm_75ms,sensitivity,adaptive,0.08,0.075,,R21,R21_756-v2.mid,7b479a282dd8ac5742239c1fda08a8a89a1834843d91b2b219beaa12a020ebdc,8,4.0,1,0,1,0,0,0.0,5.525625,0,-1,,1,1,0,-1,,1,1,1,0,1.5256249999999643,0,0
confirm_75ms,sensitivity,adaptive,0.08,0.075,,R22,R22_156.mid,530aaba96af00f7031edd5c0b26b6a257808c3f3d7df6c3d36f325fc29229487,10,4.0,2,0,2,1,1,0.0,3.716875;15.981875,0,-1,,2,1,0,-1,,2,1,0,-1,,2,1
confirm_75ms,sensitivity,adaptive,0.08,0.075,,R23,R23_645.mid,4089adb020ffa2aa242ec57c10ef8efd9ad726c8c6bf22e335e91d65a5783ac4,12,3.9999999999999996,2,0,2,1,0,0.0,3.288958;4.493958,1,1,0.49395833333331973,1,0,1,1,0.49395833333331973,1,0,1,1,0.49395833333331973,1,0
confirm_75ms,sensitivity,adaptive,0.08,0.075,,R24,R24_242-v2.mid,5a18cae5a6fd996e3688bb05a6723665c26e561d21b88c112d65d4a6bdb51fca,15,4.000000000000001,3,0,3,2,0,0.0,1.361458;3.116458;4.516458,0,-1,,3,1,1,2,0.516458333333321,2,0,1,2,0.516458333333321,2,0
confirm_75ms,sensitivity,adaptive,0.08,0.075,,R25,R25_618-v1.mid,56ff3fa00dc9e75c7913306f4a8cede335d24189bb8e26cfce827120f12743c7,10,4.0,2,0,2,1,0,0.0,3.111250;4.511250,0,-1,,2,1,1,1,0.511249999999988,1,0,1,1,0.511249999999988,1,0
confirm_75ms,sensitivity,adaptive,0.08,0.075,,R26,R26_560-v1.mid,f0d0a16aff422f9a5877f2944cdd0b959b4801aa449310959626fa7dbd7a6edb,15,3.951041666666667,2,0,2,1,0,0.0,1.902917;4.547917,0,-1,,2,1,1,1,0.5968749999999847,1,0,1,1,0.5968749999999847,1,0
confirm_75ms,sensitivity,adaptive,0.08,0.075,,R27,R27_735.mid,c6fabc901af844a2236d5a2956bd48e11d7952607af238e872c0dc7f65dbaa6f,16,4.0,2,0,2,1,1,0.0,3.880625;16.000625,0,-1,,2,1,0,-1,,2,1,0,-1,,2,1
confirm_75ms,sensitivity,adaptive,0.08,0.075,,R28,R28_804-v3.mid,f2326f94ae3ec36fd956ed7a74f507c37dfaeae99fddbfc7f2cbf87414f92030,11,3.9802083333333336,2,0,2,1,0,0.0,2.711250;4.711250,0,-1,,2,1,1,1,0.7310416666666493,1,0,1,1,0.7310416666666493,1,0
confirm_75ms,sensitivity,adaptive,0.08,0.075,,R29,R29_846-v2.mid,b750d5ab04a7fcc02298fea281e624dbc92dd1640a17037e580bb5b845ab517b,12,4.0,2,0,2,1,0,0.0,2.702917;4.577917,0,-1,,2,1,1,1,0.5779166666666491,1,0,1,1,0.5779166666666491,1,0
confirm_75ms,sensitivity,adaptive,0.08,0.075,,R30,R30_002-v2.mid,3b8c10e5c6886af05080687f0bc745791d33e73b2cec916337c1799e43024254,19,4.0,1,0,1,0,0,0.0,4.672917,0,-1,,1,1,1,0,0.6729166666666515,0,0,1,0,0.6729166666666515,0,0
confirm_75ms,sensitivity,adaptive,0.08,0.075,,R31,R31_069-v5.mid,ad5859e7014674fc2b088288d32445f60e2790c868a97bae22f5c6c6f7a9c906,10,4.0,1,0,1,0,0,0.0,4.539583,0,-1,,1,1,1,0,0.5395833333333089,0,0,1,0,0.5395833333333089,0,0
confirm_75ms,sensitivity,adaptive,0.08,0.075,,R32,R32_290-v2.mid,b6d63759467030d9561098d602d2077dba3fd2e6533d64bc6401940ec9398bd7,11,4.0,3,0,3,2,0,0.0,0.791667;3.171667;4.421667,1,2,0.4216666666666544,2,0,1,2,0.4216666666666544,2,0,1,2,0.4216666666666544,2,0
confirm_75ms,sensitivity,adaptive,0.08,0.075,,R33,R33_144-v1.mid,14914529875824c38e895baf4969bc1f01031d5a20038d87474333091ce8bf16,21,4.0,1,0,1,0,0,0.0,4.498542,1,0,0.49854166666665645,0,0,1,0,0.49854166666665645,0,0,1,0,0.49854166666665645,0,0
confirm_75ms,sensitivity,adaptive,0.08,0.075,,R34,R34_680-v3.mid,193fa77f9af23482857e237a7f27c3f78c79243d9a1ffca85d491c191040a3d9,15,4.0,1,0,1,0,0,0.0,4.698750,0,-1,,1,1,1,0,0.6987499999999827,0,0,1,0,0.6987499999999827,0,0
confirm_75ms,sensitivity,adaptive,0.08,0.075,,R35,R35_436-v2.mid,0db58df01ff0e7ef7665b41a914d45f2c8da7ce346a391eafaadda58c2fbcbd1,8,3.9999999999999996,2,0,2,1,0,0.0,1.974792;4.724792,0,-1,,2,1,1,1,0.7247916666666492,1,0,1,1,0.7247916666666492,1,0
confirm_75ms,sensitivity,adaptive,0.08,0.075,,R36,R36_230.mid,292e936198ef29131aa14fa25acb693df0d1183ea1dde8ce70b941f2378a5b3c,11,4.0,2,0,2,1,0,0.0,2.152917;4.802917,0,-1,,2,1,1,1,0.8029166666666461,1,0,1,1,0.8029166666666461,1,0
confirm_75ms,sensitivity,adaptive,0.08,0.075,,R37,R37_667-v3.mid,3423caa4b45632a7f2c919a198ed678b6eb9786448d01e549dc32a5398afcf9f,7,4.0,1,0,1,0,0,0.0,5.857083,0,-1,,1,1,0,-1,,1,1,1,0,1.857083333333292,0,0
confirm_75ms,sensitivity,adaptive,0.08,0.075,,R38,R38_136.mid,3abb38ce19d8de517c62b2014f88ea09cffbe9e6bf5ed9c01ed0c1155a8acbe5,14,4.0,2,0,2,1,0,0.0,1.375833;4.860833,0,-1,,2,1,1,1,0.8608333333333134,1,0,1,1,0.8608333333333134,1,0
confirm_75ms,sensitivity,adaptive,0.08,0.075,,R39,R39_578-v3.mid,fceb1f97ce180f42e04547ff0aa0b9478cd06770ac604a3832d919926ad92aa7,16,4.0,1,0,1,0,0,0.0,4.668958,0,-1,,1,1,1,0,0.6689583333333191,0,0,1,0,0.6689583333333191,0,0
confirm_75ms,sensitivity,adaptive,0.08,0.075,,R40,R40_454.mid,d848f11068ba98d752767ac7826bc58b93c22e9b031ee710f0fae41eccde2eec,12,3.9187499999999997,1,0,1,0,0,0.0,4.879375,0,-1,,1,1,1,0,0.9606249999999776,0,0,1,0,0.9606249999999776,0,0
confirm_75ms,sensitivity,adaptive,0.08,0.075,,P001,P001_pop909_clear_motif_melody_298_bridge.mid,8b00372060ba7b623d803e3af7e70f5ef60b65f66816ad377f725005f4c84fa9,10,4.948456,2,1,1,0,0,0.5,6.203662,0,-1,,1,1,0,-1,,1,1,1,0,1.2552060479166336,0,0
confirm_75ms,sensitivity,adaptive,0.08,0.075,,P002,P002_pop909_clear_motif_melody_248_bridge.mid,ccb942640a73e3e0122c796c0971c8f675a924861614fa62562f002ab9ef196d,10,3.478248,1,0,1,0,0,0.0,3.955315,1,0,0.47706685624998046,0,0,1,0,0.47706685624998046,0,0,1,0,0.47706685624998046,0,0
confirm_75ms,sensitivity,adaptive,0.08,0.075,,P003,P003_pop909_clear_motif_melody_339_melody.mid,628d1079f63c4bf7a08c4ee78f0765919be119f7b82f8dc3ffde83afbb2238ec,10,6.3124899,2,0,2,1,0,0.0,4.635481;7.342143,0,-1,,2,1,0,-1,,2,1,1,1,1.0296532583333047,1,0
confirm_75ms,sensitivity,adaptive,0.08,0.075,,P004,P004_pop909_clear_motif_melody_268_melody.mid,e1ad81a5ae674340b836f4d87a0f82f0920845ccc4214feb28ccf9b9603f0948,10,8.0,1,0,1,0,0,0.0,8.272500,1,0,0.2725000000000293,0,0,1,0,0.2725000000000293,0,0,1,0,0.2725000000000293,0,0
confirm_75ms,sensitivity,adaptive,0.08,0.075,,P005,P005_pop909_clear_motif_melody_021_melody.mid,a1fe99526a41a4b56b5a507d209dd13d4105ef53e85d25dd53ce7e9ee5915ff3,10,4.13157275,2,0,2,1,0,0.0,2.148771;4.648503,0,-1,,2,1,1,1,0.5169303541666483,1,0,1,1,0.5169303541666483,1,0
confirm_75ms,sensitivity,adaptive,0.08,0.075,,P006,P006_pop909_clear_motif_melody_220_melody.mid,81d85ebdbdb62cf3dd0eb82602b7fe26907e395242e71f5bb78ef112438b09cc,10,3.870936,2,1,1,0,0,0.5,4.980615,0,-1,,1,1,0,-1,,1,1,1,0,1.1096787749999728,0,0
confirm_75ms,sensitivity,adaptive,0.08,0.075,,P007,P007_pop909_clear_motif_melody_273_melody.mid,b6f10983b8aa291a839fc6e5232bc1920fa3b1e354e6e03e788a7a6b17af9d59,10,6.48648,1,0,1,1,0,0.0,5.182293,0,-1,,1,1,0,-1,,1,1,0,-1,,1,1
confirm_75ms,sensitivity,adaptive,0.08,0.075,,P008,P008_pop909_clear_motif_melody_713_melody.mid,cc0088d140a0c7f748d7a717a6f796eed7338f6a4d8889e8e2eebd7fab8f8f51,10,5.454544,2,0,2,1,0,0.0,3.395284;6.054374,0,-1,,2,1,1,1,0.5998295708333181,1,0,1,1,0.5998295708333181,1,0
confirm_75ms,sensitivity,adaptive,0.08,0.075,,P009,P009_pop909_clear_motif_melody_328_melody.mid,e8885a270c794ef4d50b9e6e050e3a0d3d8301d178169d86d88126123dbf06e2,10,5.333328,2,0,2,1,0,0.0,2.154999;6.154995,0,-1,,2,1,1,1,0.8216669249999766,1,0,1,1,0.8216669249999766,1,0
confirm_75ms,sensitivity,adaptive,0.08,0.075,,P010,P010_pop909_clear_motif_melody_407_melody.mid,42e7658af7a87529d58b908a6d60cc195eeb297cdd129a98e1cb2649ce5aecce,10,6.15,1,0,1,1,0,0.0,5.445000,0,-1,,1,1,0,-1,,1,1,0,-1,,1,1
confirm_75ms,sensitivity,adaptive,0.08,0.075,,P011,P011_pop909_clear_motif_melody_119_melody.mid,896c48c32a15cf85bd286aa4436d0a697c9a91692eb0fb128687d212976619d5,10,7.272728,2,0,2,1,0,0.0,2.308182;8.667273,0,-1,,2,1,0,-1,,2,1,1,1,1.3945454500000887,1,0
confirm_75ms,sensitivity,adaptive,0.08,0.075,,P012,P012_pop909_clear_motif_melody_188_melody.mid,54bf4eb2f8bff2ccd5d214afc84523384678bdefdf3145e821781182c58bc003,10,4.363632000000001,3,0,3,2,0,0.0,1.460227;3.642043;5.005678,0,-1,,3,1,1,2,0.6420457124999812,2,0,1,2,0.6420457124999812,2,0
confirm_75ms,sensitivity,adaptive,0.08,0.075,,P013,P013_pop909_expressive_rubato_203_bridge.mid,d94792fd3118efad79013d413549904951e6acf204434771004ef7b6bac68e4a,9,3.000000000000001,2,0,2,1,1,0.0,1.403958;5.153958,0,-1,,2,1,0,-1,,2,1,0,-1,,2,1
confirm_75ms,sensitivity,adaptive,0.08,0.075,,P014,P014_pop909_expressive_rubato_203_bridge.mid,d78dea53ea8b5558568755412ec7c72b704ce448c1990fbb631bad2aba3c7411,9,3.0,1,0,1,0,1,0.0,5.153958,0,-1,,1,1,0,-1,,1,1,0,-1,,1,1
confirm_75ms,sensitivity,adaptive,0.08,0.075,,P015,P015_pop909_expressive_rubato_263_bridge.mid,fdbb28e369fed211abc0a0b53b2006a331c357c454f4284639fd36961d3aac40,16,5.333328000000002,1,0,1,0,1,0.0,7.375550,0,-1,,1,1,0,-1,,1,1,0,-1,,1,1
confirm_75ms,sensitivity,adaptive,0.08,0.075,,P016,P016_pop909_expressive_rubato_617_bridge.mid,37d4c7b2c4a5856f926b9e67a662ac676aa83beca73c7dfc2dd6c188e52a38a4,4,1.3348119999999997,1,0,1,0,0,0.0,3.153689,0,-1,,1,1,0,-1,,1,1,1,0,1.8188765666666276,0,0
confirm_75ms,sensitivity,adaptive,0.08,0.075,,P017,P017_pop909_expressive_rubato_178_bridge.mid,cfbf91b1d04e90e9d2e6b6f7ddd9fc480393f1166fde55646495523c989f5d8e,20,6.760552000000001,1,0,1,0,1,0.0,8.780200,0,-1,,1,1,0,-1,,1,1,0,-1,,1,1
confirm_75ms,sensitivity,adaptive,0.08,0.075,,P018,P018_pop909_expressive_rubato_191_bridge.mid,b6e56889014ca3786b340c447e92d66f50ed149b21600186179487f5799f9b73,22,7.272727999999999,2,0,2,1,1,0.0,3.103712;9.790986,0,-1,,2,1,0,-1,,2,1,0,-1,,2,1
confirm_75ms,sensitivity,adaptive,0.08,0.075,,P019,P019_pop909_expressive_rubato_178_bridge.mid,51d4e82b5c0b217263d7a849828b0f05a8411876b0a87f85f4c175bf27767739,20,6.760551999999999,3,1,2,1,0,0.3333333333333333,1.334717;8.361468,0,-1,,2,1,0,-1,,2,1,1,1,1.6009155166666975,1,0
confirm_75ms,sensitivity,adaptive,0.08,0.075,,P020,P020_pop909_expressive_rubato_212_bridge.mid,6f5eee7b1684521d31dac9b4e36649e423a8ce813df0a5f142967525e2bf2e17,17,5.783128,2,0,2,1,0,0.0,4.173793;6.630357,0,-1,,2,1,1,1,0.8472291645833083,1,0,1,1,0.8472291645833083,1,0
confirm_75ms,sensitivity,adaptive,0.08,0.075,,P021,P021_pop909_chord_arpeggio_polyphonic_227_piano.mid,41b21fee0bca14bd00917fcf3d879b2fcebb9856fef2228a36e0b912e58444c9,18,7.1641759999999985,1,0,1,0,0,0.0,8.401340,0,-1,,1,1,0,-1,,1,1,1,0,1.237164258333375,0,0
confirm_75ms,sensitivity,adaptive,0.08,0.075,,P022,P022_pop909_chord_arpeggio_polyphonic_003_piano.mid,ea9963c2ef0400f7458ed0b378c21cc36273462aabccb9685efcd21625bbdcfd,19,2.9268239999999985,1,0,1,0,0,0.0,3.631763,0,-1,,1,1,1,0,0.7049393124999819,0,0,1,0,0.7049393124999819,0,0
confirm_75ms,sensitivity,adaptive,0.08,0.075,,P023,P023_pop909_chord_arpeggio_polyphonic_222_piano.mid,bddeab49734bbbb17982dc09bdfaac6a8c2e1a112b7fd3464c5e7c9deadcfc94,19,6.1538400000000015,1,0,1,0,0,0.0,7.220507,0,-1,,1,1,0,-1,,1,1,1,0,1.0666669999999705,0,0
confirm_75ms,sensitivity,adaptive,0.08,0.075,,P024,P024_pop909_chord_arpeggio_polyphonic_287_piano.mid,ec7a6fe844d8678913cee3e05d68bc85d02d45d316e498dcfe79e58c814953c2,26,6.9347729000000005,1,0,1,0,1,0.0,8.942672,0,-1,,1,1,0,-1,,1,1,0,-1,,1,1
confirm_75ms,sensitivity,adaptive,0.08,0.075,,P025,P025_pop909_chord_arpeggio_polyphonic_566_piano.mid,52dae62297b7cdeff27e0bea0925c8bebbbb999e9935efba566c8ffc51c206e8,22,5.783128,1,0,1,0,0,0.0,6.767405,0,-1,,1,1,1,0,0.984277249999975,0,0,1,0,0.984277249999975,0,0
confirm_75ms,sensitivity,adaptive,0.08,0.075,,P026,P026_pop909_chord_arpeggio_polyphonic_106_piano.mid,5a21694b1c7abc6be7e5c6ee6dd6611dbca54dacb44c602d9f7dc226f5eaad89,28,7.1641759999999985,1,0,1,0,0,0.0,8.462907,0,-1,,1,1,0,-1,,1,1,1,0,1.2987313958333848,0,0
confirm_75ms,sensitivity,adaptive,0.08,0.075,,P027,P027_pop909_chord_arpeggio_polyphonic_218_piano.mid,3d2716434e914a4c1b7b0fee64a762d631c9eb844e328c4f880eb95f36c370a6,32,7.0588159999999975,1,0,1,0,0,0.0,7.882198,0,-1,,1,1,1,0,0.8233824666666472,0,0,1,0,0.8233824666666472,0,0
confirm_75ms,sensitivity,adaptive,0.08,0.075,,P028,P028_pop909_chord_arpeggio_polyphonic_242_piano.mid,cd5c6e16ed3247ea34a6331d4c2e4dd980c5793b2def6bf2d11ae3b4d6d7560e,27,7.868856,1,0,1,0,0,0.0,8.946069,0,-1,,1,1,0,-1,,1,1,1,0,1.0772130437501426,0,0
confirm_75ms,sensitivity,adaptive,0.08,0.075,,P029,P029_pop909_sparse_short_062_melody.mid,de331be603af62c8ecaeb6b4de4413d0dfe0f3c4a24efa36a90905ae0bb82a26,3,3.24324,1,0,1,0,0,0.0,4.425268,0,-1,,1,1,0,-1,,1,1,1,0,1.1820277499999596,0,0
confirm_75ms,sensitivity,adaptive,0.08,0.075,,P030,P030_pop909_sparse_short_062_melody.mid,f2c561cfdf3ae696074a8292cfd9b6e91d18a740bb99c9c5ad4661e2b5225717,3,2.12837625,1,0,1,1,0,0.0,1.183243,0,-1,,1,1,0,-1,,1,1,0,-1,,1,1
confirm_75ms,sensitivity,adaptive,0.08,0.075,,P031,P031_pop909_sparse_short_062_melody.mid,113bb580ca65ca779549df831e3b90b62932fe9eb9935891172b6636ee9e6079,3,3.24324,1,0,1,0,0,0.0,4.425268,0,-1,,1,1,0,-1,,1,1,1,0,1.1820277499999596,0,0
confirm_75ms,sensitivity,adaptive,0.08,0.075,,P032,P032_pop909_sparse_short_062_melody.mid,2638d2ec8832338b8f57a7147f9874c863c36279707599ffbd8782269c399746,3,3.24324,1,0,1,0,0,0.0,4.425268,0,-1,,1,1,0,-1,,1,1,1,0,1.1820277499999596,0,0
confirm_75ms,sensitivity,adaptive,0.08,0.075,,P033,P033_pop909_sparse_short_062_melody.mid,dcf51fe0bedf2f9e1acede760976dcde4a78650e163ec3c6ce86d970b4cc65c3,3,3.24324,1,0,1,0,0,0.0,4.425268,0,-1,,1,1,0,-1,,1,1,1,0,1.1820277499999596,0,0
confirm_75ms,sensitivity,adaptive,0.08,0.075,,P034,P034_pop909_dense_fast_095_bridge.mid,1eec4634489ebc2145d5d07f86a58778c994982c97d2dd5704238989cafe8164,49,1.7610275333333312,1,0,1,0,0,0.0,2.090807,1,0,0.32977943333332593,0,0,1,0,0.32977943333332593,0,0,1,0,0.32977943333332593,0,0
confirm_75ms,sensitivity,adaptive,0.08,0.075,,P035,P035_pop909_dense_fast_351_bridge.mid,cce631ae36062ea5c6c5856ce61c72dee517b0d26fc59e569c45986becb91fa5,28,1.0351939999999993,1,0,1,0,0,0.0,1.327946,1,0,0.29275208541665965,0,0,1,0,0.29275208541665965,0,0,1,0,0.29275208541665965,0,0
confirm_75ms,sensitivity,adaptive,0.08,0.075,,P036,P036_pop909_dense_fast_095_bridge.mid,8d7b860e3c98cfc78be2b1d435ac9d52da48b3df427707b2c9dc6e28266f4b58,38,1.6801452666666645,1,0,1,0,0,0.0,2.017572,1,0,0.3374264999999925,0,0,1,0,0.3374264999999925,0,0,1,0,0.3374264999999925,0,0
confirm_75ms,sensitivity,adaptive,0.08,0.075,,P037,P037_pop909_dense_fast_095_bridge.mid,14ee870cca3317109b67f85cc0241e6678d38b8efed31130577d8d722e145a58,30,0.7977932666666666,1,0,1,0,0,0.0,1.125220,1,0,0.3274264999999975,0,0,1,0,0.3274264999999975,0,0,1,0,0.3274264999999975,0,0
confirm_75ms,sensitivity,adaptive,0.08,0.075,,P038,P038_pop909_dense_fast_727_bridge.mid,4cec022a9c9e7dd2ec868ae3124b7089c195126defe23b8a3d440d2c7bbaf873,45,1.2854942770833329,1,0,1,0,0,0.0,1.613828,1,0,0.32833331874999216,0,0,1,0,0.32833331874999216,0,0,1,0,0.32833331874999216,0,0
confirm_75ms,sensitivity,adaptive,0.08,0.075,,P039,P039_pop909_chromatic_outside_789_piano.mid,89dc01789fe23c4372b236cc806e6567b05346295e667c74639aa4642a3e304b,16,7.272728,1,0,1,0,0,0.0,9.222879,0,-1,,1,1,0,-1,,1,1,1,0,1.9501513916668154,0,0
confirm_75ms,sensitivity,adaptive,0.08,0.075,,P040,P040_pop909_chromatic_outside_064_piano.mid,76f70f424a678deaed9e02ef3b85db1c47a828b39689b0fb75fd6c5cd5f84a3f,23,7.562499999999999,1,0,1,0,0,0.0,7.613333,1,0,0.05083333333331552,0,0,1,0,0.05083333333331552,0,0,1,0,0.05083333333331552,0,0
confirm_75ms,sensitivity,adaptive,0.08,0.075,,P041,P041_pop909_chromatic_outside_796_piano.mid,5313ed35276167210c99ca9b0d50773ad1c5a71997072b20b1653efba88eb36f,20,6.486488,1,0,1,0,0,0.0,7.661556,0,-1,,1,1,0,-1,,1,1,1,0,1.1750675395833055,0,0
confirm_75ms,sensitivity,adaptive,0.08,0.075,,P042,P042_pop909_chromatic_outside_254_piano.mid,dfb97d893bd303a0043e98fe7c14dc376233ce114864c10be992cad37ef88538,24,3.3027539999999993,1,0,1,0,0,0.0,4.046791,0,-1,,1,1,1,0,0.7440365520833119,0,0,1,0,0.7440365520833119,0,0
confirm_75ms,sensitivity,adaptive,0.08,0.075,,P043,P043_pop909_chromatic_outside_311_bridge.mid,8bb993a52d683a9b093e77f22d9fa6d3df633472edafb5a0056e4e19b5852902,14,7.5,3,0,3,2,0,0.0,2.105937;5.855937;8.350938,0,-1,,3,1,1,2,0.8509375000000414,2,0,1,2,0.8509375000000414,2,0
confirm_75ms,sensitivity,adaptive,0.08,0.075,,P044,P044_pop909_false_ending_pause_322_bridge.mid,92fa6bc714e6881f40bd275254b082416486b9d155453539c6e2e9cce641a65c,7,4.633333333333333,1,0,1,0,0,0.0,4.667500,1,0,0.034166666666633816,0,0,1,0,0.034166666666633816,0,0,1,0,0.034166666666633816,0,0
confirm_75ms,sensitivity,adaptive,0.08,0.075,,P045,P045_pop909_false_ending_pause_008_bridge.mid,28ee69826748317d665163811014939ed01825addd8f2c9505d27364a6b4adc8,7,4.876923483333333,2,0,2,2,0,0.0,2.129615;4.495769,0,-1,,2,1,0,-1,,2,1,0,-1,,2,1
confirm_75ms,sensitivity,adaptive,0.08,0.075,,P046,P046_pop909_false_ending_pause_253_bridge.mid,0e6ab6a38b763c541fa954510aaf319efab974b676865fe44aaa2c2338435f50,7,5.9943121875,2,0,2,1,1,0.0,2.355226;8.341132,0,-1,,2,1,0,-1,,2,1,0,-1,,2,1
confirm_75ms,sensitivity,adaptive,0.08,0.075,,P047,P047_pop909_false_ending_pause_396_melody.mid,45f3dedbc0915a84ff315fcf7040e15383bbafbc739845cd8f4e4db11fbe1207,7,3.8673180812499997,1,0,1,1,0,0.0,3.467681,0,-1,,1,1,0,-1,,1,1,0,-1,,1,1
confirm_75ms,sensitivity,adaptive,0.08,0.075,,P048,P048_pop909_repetition_tail_234_bridge.mid,8edaf0b3c05cb78569d9801754c34b780426e21b3654154ff150d50ac4c12b59,8,4.000000000000001,2,0,2,1,0,0.0,2.936250;4.686250,0,-1,,2,1,1,1,0.6862499999999825,1,0,1,1,0.6862499999999825,1,0
confirm_75ms,sensitivity,adaptive,0.08,0.075,,P049,P049_pop909_repetition_tail_282_bridge.mid,b5bf7675db361f16e2641027f14dbd38a665a77edf6ca030a9254be54ddab400,8,5.691775224999999,1,0,1,0,0,0.0,7.021159,0,-1,,1,1,0,-1,,1,1,1,0,1.3293838916666312,0,0
confirm_75ms,sensitivity,adaptive,0.08,0.075,,P050,P050_pop909_repetition_tail_340_bridge.mid,92dfb3e992339ebac2e7204e10ece5a799d2ae91faeb4c2a0ff6f5611e0bfbac,8,5.245888,2,0,2,1,0,0.0,3.752151;6.351161,0,-1,,2,1,0,-1,,2,1,1,1,1.105273483333308,1,0
confirm_250ms,sensitivity,adaptive,0.08,0.25,,A01,A01_c_pentatonic_balanced.mid,e7a1620ba70d4372e998376d91e2f55590448a9cf5878e969a0f70d410659845,14,4.8,1,0,1,0,0,0.0,5.570000,0,-1,,1,1,1,0,0.7699999999999738,0,0,1,0,0.7699999999999738,0,0
confirm_250ms,sensitivity,adaptive,0.08,0.25,,A02,A02_a_minor_pentatonic_question.mid,5166d8996017b0341f9265fc4539b25d09211f1cc291b1e25a4623e68b1bbc0e,12,5.054348499999999,1,0,1,0,0,0.0,5.847174,0,-1,,1,1,1,0,0.7928259999999696,0,0,1,0,0.7928259999999696,0,0
confirm_250ms,sensitivity,adaptive,0.08,0.25,,A03,A03_a_blues_tension.mid,1c61cef65142077e0ea54a46832f15bf535a35b23c920ee8e40193b877467fd4,13,4.166669999999999,1,0,1,0,0,0.0,4.821114,0,-1,,1,1,1,0,0.6544439999999749,0,0,1,0,0.6544439999999749,0,0
confirm_250ms,sensitivity,adaptive,0.08,0.25,,A04,A04_classical_antecedent.mid,3b1b42414601831b09678bb49b714e6512be53f451a517170b48c6c3addb07f1,10,4.6499999999999995,1,0,1,0,0,0.0,5.525000,0,-1,,1,1,1,0,0.8749999999999689,0,0,1,0,0.8749999999999689,0,0
confirm_250ms,sensitivity,adaptive,0.08,0.25,,A05,A05_repetition_tail.mid,c615435e6cf9b0af8c8e4a2d9b7f28ccef90f4cc20ddffc10e23c15ec2296b28,12,4.182691749999999,2,1,1,0,0,0.5,4.820769,0,-1,,1,1,1,0,0.6380769999999742,0,0,1,0,0.6380769999999742,0,0
confirm_250ms,sensitivity,adaptive,0.08,0.25,,A06,A06_syncopated_pop.mid,25a2a2e4aea59cacc8434b36ae5173bd34aaa66ee7eec8c2e460f3f72addaf0e,12,4.3867945,1,0,1,0,0,0.0,5.418775,0,-1,,1,1,0,-1,,1,1,1,0,1.0319809999999716,0,0
confirm_250ms,sensitivity,adaptive,0.08,0.25,,A07,A07_sparse_long_tones.mid,fb6faee9d721a971b5d6388dc979e5a15c26d45366bfef7ade9a8f82eec3358d,6,5.454543999999999,1,0,1,0,1,0.0,7.887726,0,-1,,1,1,0,-1,,1,1,0,-1,,1,1
confirm_250ms,sensitivity,adaptive,0.08,0.25,,A08,A08_dense_eighth_motion.mid,48faeb92585381b6928f2dc31a3119ec234d815efc25ec9d1ba67538fc3f6b41,16,4.285712000000002,1,0,1,0,0,0.0,5.077855,0,-1,,1,1,1,0,0.7921429999999772,0,0,1,0,0.7921429999999772,0,0
confirm_250ms,sensitivity,adaptive,0.08,0.25,,A09,A09_arched_contour.mid,91acd677fdf9a30e64f3584796b5fc38d648b1ddf3785f4d6a6445102c15ee7c,11,4.6875,1,0,1,0,0,0.0,5.592500,0,-1,,1,1,1,0,0.9049999999999674,0,0,1,0,0.9049999999999674,0,0
confirm_250ms,sensitivity,adaptive,0.08,0.25,,A10,A10_leap_gap_fill.mid,6639c3bceab3644ea59e759d1e92e76bcc9a082b5edaea30893d44682f7f3a97,13,4.6499999999999995,1,0,1,0,0,0.0,5.485000,0,-1,,1,1,1,0,0.8349999999999724,0,0,1,0,0.8349999999999724,0,0
confirm_250ms,sensitivity,adaptive,0.08,0.25,,R01,R01_390-v1.mid,e44793c8c043f7c92184c6189f5e7b1af47c202aaa6df435a76a4d26268313aa,13,4.0,2,1,1,0,0,0.5,4.894583,0,-1,,1,1,1,0,0.894583333333312,0,0,1,0,0.894583333333312,0,0
confirm_250ms,sensitivity,adaptive,0.08,0.25,,R02,R02_667-v3.mid,af3cbab9e93480a553c9a217fc1abefdf3db788d071132050fca4cbfe862cdaa,8,4.0,1,0,1,0,0,0.0,4.477083,1,0,0.4770833333333053,0,0,1,0,0.4770833333333053,0,0,1,0,0.4770833333333053,0,0
confirm_250ms,sensitivity,adaptive,0.08,0.25,,R03,R03_174-v2.mid,88f11f634584a21ce30b0dc39c608cde9da43c7936400bba985f8702ecf9e962,12,3.9999999999999996,2,0,2,1,0,0.0,2.102917;4.697917,0,-1,,2,1,1,1,0.6979166666666514,1,0,1,1,0.6979166666666514,1,0
confirm_250ms,sensitivity,adaptive,0.08,0.25,,R04,R04_339-v2.mid,828aff4f088b889d0715fee3e65e9243f89520710a795fa7e4b585407a7da650,9,3.817708333333333,1,0,1,0,0,0.0,4.722292,0,-1,,1,1,1,0,0.90458333333331,0,0,1,0,0.90458333333331,0,0
confirm_250ms,sensitivity,adaptive,0.08,0.25,,R05,R05_581.mid,766b0c79d6f6905d1c32f244469b14bf48cb861e79ceede6ac2ee1929437dcf4,13,4.0,1,0,1,0,0,0.0,4.876875,0,-1,,1,1,1,0,0.8768749999999788,0,0,1,0,0.8768749999999788,0,0
confirm_250ms,sensitivity,adaptive,0.08,0.25,,R06,R06_132-v2.mid,e1ccff44d4528b8e4af0e40bdc4699a89e46169a5a6c766acc8ac50740c17bc4,15,4.0,1,0,1,0,0,0.0,4.844792,0,-1,,1,1,1,0,0.844791666666648,0,0,1,0,0.844791666666648,0,0
confirm_250ms,sensitivity,adaptive,0.08,0.25,,R07,R07_664-v2.mid,d84d97d7bfa78ff716110978692047e182ce9f01efee7a44f583544e113fed69,11,4.0,2,0,2,1,0,0.0,3.020625;4.895625,0,-1,,2,1,1,1,0.8956249999999786,1,0,1,1,0.8956249999999786,1,0
confirm_250ms,sensitivity,adaptive,0.08,0.25,,R08,R08_266-v1.mid,a60f28e61f3323d5039cd94cdaea65c36ca0311962a73686837cf9dfdde0799d,8,4.0,1,0,1,0,0,0.0,4.540000,0,-1,,1,1,1,0,0.5399999999999681,0,0,1,0,0.5399999999999681,0,0
confirm_250ms,sensitivity,adaptive,0.08,0.25,,R09,R09_433.mid,e1f859f9f55ce2a1718a88f1ce5f88ffffd035cd2ac61aeba9f71e42eb3d1658,23,4.000000000000001,1,0,1,0,0,0.0,4.707708,0,-1,,1,1,1,0,0.7077083333333176,0,0,1,0,0.7077083333333176,0,0
confirm_250ms,sensitivity,adaptive,0.08,0.25,,R10,R10_039-v2.mid,25635c75dc841999c02ffb9b7d67ef21f421bef585b28e0635701689b574a8f6,11,4.000000000000001,2,0,2,1,1,0.0,3.680833;16.090208,0,-1,,2,1,0,-1,,2,1,0,-1,,2,1
confirm_250ms,sensitivity,adaptive,0.08,0.25,,R11,R11_538.mid,676637ee06573aad6e8ea80367346578ac11b8ed36c9f8ce5702eda3643830ab,20,3.921875,1,0,1,0,0,0.0,4.430833,0,-1,,1,1,1,0,0.508958333333319,0,0,1,0,0.508958333333319,0,0
confirm_250ms,sensitivity,adaptive,0.08,0.25,,R12,R12_457.mid,151dd04bd54d11512876bab817410ae94fb81547894ff0a3b96401968101f6df,13,4.0,3,2,1,0,0,0.6666666666666666,5.496250,0,-1,,1,1,0,-1,,1,1,1,0,1.496249999999967,0,0
confirm_250ms,sensitivity,adaptive,0.08,0.25,,R13,R13_353-v1.mid,ef59a3cdc969d70fd54c9cd52a37e30deb9772958305ace368edde9ea5afc7c3,11,4.0,2,0,2,1,0,0.0,1.959167;4.959167,0,-1,,2,1,1,1,0.9591666666666452,1,0,1,1,0.9591666666666452,1,0
confirm_250ms,sensitivity,adaptive,0.08,0.25,,R14,R14_073.mid,6014529ddd8b96a82fd599bf2e0268f5da21dad2080ba59e69de225512a58ee3,12,3.939583333333333,1,0,1,0,0,0.0,4.932708,0,-1,,1,1,1,0,0.993124999999976,0,0,1,0,0.993124999999976,0,0
confirm_250ms,sensitivity,adaptive,0.08,0.25,,R15,R15_156-v2.mid,d6ae647242ceff286d61867ebb06ee767c382eed20c618f7988a94d4733b7d8d,9,4.0,2,1,1,0,0,0.5,5.571875,0,-1,,1,1,0,-1,,1,1,1,0,1.5718749999999648,0,0
confirm_250ms,sensitivity,adaptive,0.08,0.25,,R16,R16_249.mid,32c21206c709d04269f4de5a9705ca310189a55c657a53ea8612ed3c5ac480dd,8,4.0,1,0,1,0,0,0.0,5.395625,0,-1,,1,1,0,-1,,1,1,1,0,1.3956249999999626,0,0
confirm_250ms,sensitivity,adaptive,0.08,0.25,,R17,R17_319.mid,7b40b95a494f202130093514531c7232c45d539c2a7ebafe5dee64fac4bc0e7e,18,4.0,1,0,1,0,0,0.0,4.670208,0,-1,,1,1,1,0,0.670208333333318,0,0,1,0,0.670208333333318,0,0
confirm_250ms,sensitivity,adaptive,0.08,0.25,,R18,R18_249.mid,0dc5853f595ca79ae339d76ccf661f166c739dba3b0cb0d66eeb860ef17dd7c0,9,4.0,1,0,1,0,0,0.0,4.465625,1,0,0.46562499999997176,0,0,1,0,0.46562499999997176,0,0,1,0,0.46562499999997176,0,0
confirm_250ms,sensitivity,adaptive,0.08,0.25,,R19,R19_733.mid,73dc520e4f2e19e784486fb5160d0686a1f7d90b81c9bb57b8e6478f3b2032fe,10,4.0,2,0,2,1,0,0.0,1.844583;4.444583,1,1,0.44458333333331534,1,0,1,1,0.44458333333331534,1,0,1,1,0.44458333333331534,1,0
confirm_250ms,sensitivity,adaptive,0.08,0.25,,R20,R20_660.mid,a3a01235dabd1fd09f3b7047e7b59bee8af87f41bc4456aa3e261bc412d6998a,8,3.983333333333334,1,0,1,0,0,0.0,5.547708,0,-1,,1,1,0,-1,,1,1,1,0,1.5643749999999632,0,0
confirm_250ms,sensitivity,adaptive,0.08,0.25,,R21,R21_756-v2.mid,7b479a282dd8ac5742239c1fda08a8a89a1834843d91b2b219beaa12a020ebdc,8,4.0,1,0,1,0,0,0.0,5.700625,0,-1,,1,1,0,-1,,1,1,1,0,1.7006249999999605,0,0
confirm_250ms,sensitivity,adaptive,0.08,0.25,,R22,R22_156.mid,530aaba96af00f7031edd5c0b26b6a257808c3f3d7df6c3d36f325fc29229487,10,4.0,2,0,2,1,1,0.0,3.891875;16.161875,0,-1,,2,1,0,-1,,2,1,0,-1,,2,1
confirm_250ms,sensitivity,adaptive,0.08,0.25,,R23,R23_645.mid,4089adb020ffa2aa242ec57c10ef8efd9ad726c8c6bf22e335e91d65a5783ac4,12,3.9999999999999996,2,0,2,1,0,0.0,3.463958;4.668958,0,-1,,2,1,1,1,0.668958333333316,1,0,1,1,0.668958333333316,1,0
confirm_250ms,sensitivity,adaptive,0.08,0.25,,R24,R24_242-v2.mid,5a18cae5a6fd996e3688bb05a6723665c26e561d21b88c112d65d4a6bdb51fca,15,4.000000000000001,3,2,1,0,0,0.6666666666666666,5.051458,0,-1,,1,1,0,-1,,1,1,1,0,1.0514583333333096,0,0
confirm_250ms,sensitivity,adaptive,0.08,0.25,,R25,R25_618-v1.mid,56ff3fa00dc9e75c7913306f4a8cede335d24189bb8e26cfce827120f12743c7,10,4.0,2,0,2,1,0,0.0,3.286250;4.686250,0,-1,,2,1,1,1,0.6862499999999843,1,0,1,1,0.6862499999999843,1,0
confirm_250ms,sensitivity,adaptive,0.08,0.25,,R26,R26_560-v1.mid,f0d0a16aff422f9a5877f2944cdd0b959b4801aa449310959626fa7dbd7a6edb,15,3.951041666666667,2,1,1,0,0,0.5,4.722917,0,-1,,1,1,1,0,0.771874999999981,0,0,1,0,0.771874999999981,0,0
confirm_250ms,sensitivity,adaptive,0.08,0.25,,R27,R27_735.mid,c6fabc901af844a2236d5a2956bd48e11d7952607af238e872c0dc7f65dbaa6f,16,4.0,2,1,1,0,0,0.5,4.895625,0,-1,,1,1,1,0,0.8956249999999795,0,0,1,0,0.8956249999999795,0,0
confirm_250ms,sensitivity,adaptive,0.08,0.25,,R28,R28_804-v3.mid,f2326f94ae3ec36fd956ed7a74f507c37dfaeae99fddbfc7f2cbf87414f92030,11,3.9802083333333336,2,0,2,1,0,0.0,2.886250;4.886250,0,-1,,2,1,1,1,0.9060416666666455,1,0,1,1,0.9060416666666455,1,0
confirm_250ms,sensitivity,adaptive,0.08,0.25,,R29,R29_846-v2.mid,b750d5ab04a7fcc02298fea281e624dbc92dd1640a17037e580bb5b845ab517b,12,4.0,2,1,1,0,0,0.5,4.912917,0,-1,,1,1,1,0,0.912916666666642,0,0,1,0,0.912916666666642,0,0
confirm_250ms,sensitivity,adaptive,0.08,0.25,,R30,R30_002-v2.mid,3b8c10e5c6886af05080687f0bc745791d33e73b2cec916337c1799e43024254,19,4.0,1,0,1,0,0,0.0,4.847917,0,-1,,1,1,1,0,0.8479166666666478,0,0,1,0,0.8479166666666478,0,0
confirm_250ms,sensitivity,adaptive,0.08,0.25,,R31,R31_069-v5.mid,ad5859e7014674fc2b088288d32445f60e2790c868a97bae22f5c6c6f7a9c906,10,4.0,1,0,1,0,0,0.0,4.714583,0,-1,,1,1,1,0,0.7145833333333051,0,0,1,0,0.7145833333333051,0,0
confirm_250ms,sensitivity,adaptive,0.08,0.25,,R32,R32_290-v2.mid,b6d63759467030d9561098d602d2077dba3fd2e6533d64bc6401940ec9398bd7,11,4.0,3,1,2,1,0,0.3333333333333333,0.966667;5.116667,0,-1,,2,1,0,-1,,2,1,1,1,1.1166666666666396,1,0
confirm_250ms,sensitivity,adaptive,0.08,0.25,,R33,R33_144-v1.mid,14914529875824c38e895baf4969bc1f01031d5a20038d87474333091ce8bf16,21,4.0,1,0,1,0,0,0.0,4.673542,0,-1,,1,1,1,0,0.6735416666666527,0,0,1,0,0.6735416666666527,0,0
confirm_250ms,sensitivity,adaptive,0.08,0.25,,R34,R34_680-v3.mid,193fa77f9af23482857e237a7f27c3f78c79243d9a1ffca85d491c191040a3d9,15,4.0,1,0,1,0,0,0.0,4.873750,0,-1,,1,1,1,0,0.8737499999999789,0,0,1,0,0.8737499999999789,0,0
confirm_250ms,sensitivity,adaptive,0.08,0.25,,R35,R35_436-v2.mid,0db58df01ff0e7ef7665b41a914d45f2c8da7ce346a391eafaadda58c2fbcbd1,8,3.9999999999999996,2,0,2,1,0,0.0,2.149792;4.899792,0,-1,,2,1,1,1,0.8997916666666455,1,0,1,1,0.8997916666666455,1,0
confirm_250ms,sensitivity,adaptive,0.08,0.25,,R36,R36_230.mid,292e936198ef29131aa14fa25acb693df0d1183ea1dde8ce70b941f2378a5b3c,11,4.0,2,1,1,0,0,0.5,5.257917,0,-1,,1,1,0,-1,,1,1,1,0,1.2579166666666364,0,0
confirm_250ms,sensitivity,adaptive,0.08,0.25,,R37,R37_667-v3.mid,3423caa4b45632a7f2c919a198ed678b6eb9786448d01e549dc32a5398afcf9f,7,4.0,1,0,1,0,1,0.0,6.032083,0,-1,,1,1,0,-1,,1,1,0,-1,,1,1
confirm_250ms,sensitivity,adaptive,0.08,0.25,,R38,R38_136.mid,3abb38ce19d8de517c62b2014f88ea09cffbe9e6bf5ed9c01ed0c1155a8acbe5,14,4.0,2,1,1,0,0,0.5,5.035833,0,-1,,1,1,0,-1,,1,1,1,0,1.0358333333333096,0,0
confirm_250ms,sensitivity,adaptive,0.08,0.25,,R39,R39_578-v3.mid,fceb1f97ce180f42e04547ff0aa0b9478cd06770ac604a3832d919926ad92aa7,16,4.0,1,0,1,0,0,0.0,4.843958,0,-1,,1,1,1,0,0.8439583333333154,0,0,1,0,0.8439583333333154,0,0
confirm_250ms,sensitivity,adaptive,0.08,0.25,,R40,R40_454.mid,d848f11068ba98d752767ac7826bc58b93c22e9b031ee710f0fae41eccde2eec,12,3.9187499999999997,1,0,1,0,0,0.0,5.054375,0,-1,,1,1,0,-1,,1,1,1,0,1.135624999999974,0,0
confirm_250ms,sensitivity,adaptive,0.08,0.25,,P001,P001_pop909_clear_motif_melody_298_bridge.mid,8b00372060ba7b623d803e3af7e70f5ef60b65f66816ad377f725005f4c84fa9,10,4.948456,2,1,1,0,0,0.5,6.378662,0,-1,,1,1,0,-1,,1,1,1,0,1.4302060479166299,0,0
confirm_250ms,sensitivity,adaptive,0.08,0.25,,P002,P002_pop909_clear_motif_melody_248_bridge.mid,ccb942640a73e3e0122c796c0971c8f675a924861614fa62562f002ab9ef196d,10,3.478248,1,0,1,0,0,0.0,4.130315,0,-1,,1,1,1,0,0.6520668562499772,0,0,1,0,0.6520668562499772,0,0
confirm_250ms,sensitivity,adaptive,0.08,0.25,,P003,P003_pop909_clear_motif_melody_339_melody.mid,628d1079f63c4bf7a08c4ee78f0765919be119f7b82f8dc3ffde83afbb2238ec,10,6.3124899,2,0,2,1,0,0.0,4.810481;7.517143,0,-1,,2,1,0,-1,,2,1,1,1,1.204653258333301,1,0
confirm_250ms,sensitivity,adaptive,0.08,0.25,,P004,P004_pop909_clear_motif_melody_268_melody.mid,e1ad81a5ae674340b836f4d87a0f82f0920845ccc4214feb28ccf9b9603f0948,10,8.0,1,0,1,0,0,0.0,8.447500,1,0,0.44750000000005663,0,0,1,0,0.44750000000005663,0,0,1,0,0.44750000000005663,0,0
confirm_250ms,sensitivity,adaptive,0.08,0.25,,P005,P005_pop909_clear_motif_melody_021_melody.mid,a1fe99526a41a4b56b5a507d209dd13d4105ef53e85d25dd53ce7e9ee5915ff3,10,4.13157275,2,1,1,0,0,0.5,5.273503,0,-1,,1,1,0,-1,,1,1,1,0,1.141930354166635,0,0
confirm_250ms,sensitivity,adaptive,0.08,0.25,,P006,P006_pop909_clear_motif_melody_220_melody.mid,81d85ebdbdb62cf3dd0eb82602b7fe26907e395242e71f5bb78ef112438b09cc,10,3.870936,2,1,1,0,0,0.5,5.155615,0,-1,,1,1,0,-1,,1,1,1,0,1.284678774999969,0,0
confirm_250ms,sensitivity,adaptive,0.08,0.25,,P007,P007_pop909_clear_motif_melody_273_melody.mid,b6f10983b8aa291a839fc6e5232bc1920fa3b1e354e6e03e788a7a6b17af9d59,10,6.48648,1,0,1,1,0,0.0,5.357293,0,-1,,1,1,0,-1,,1,1,0,-1,,1,1
confirm_250ms,sensitivity,adaptive,0.08,0.25,,P008,P008_pop909_clear_motif_melody_713_melody.mid,cc0088d140a0c7f748d7a717a6f796eed7338f6a4d8889e8e2eebd7fab8f8f51,10,5.454544,2,0,2,1,0,0.0,3.570284;6.229374,0,-1,,2,1,1,1,0.7748295708333144,1,0,1,1,0.7748295708333144,1,0
confirm_250ms,sensitivity,adaptive,0.08,0.25,,P009,P009_pop909_clear_motif_melody_328_melody.mid,e8885a270c794ef4d50b9e6e050e3a0d3d8301d178169d86d88126123dbf06e2,10,5.333328,2,0,2,1,0,0.0,2.329999;6.329995,0,-1,,2,1,1,1,0.9966669249999729,1,0,1,1,0.9966669249999729,1,0
confirm_250ms,sensitivity,adaptive,0.08,0.25,,P010,P010_pop909_clear_motif_melody_407_melody.mid,42e7658af7a87529d58b908a6d60cc195eeb297cdd129a98e1cb2649ce5aecce,10,6.15,1,0,1,1,0,0.0,5.620000,0,-1,,1,1,0,-1,,1,1,0,-1,,1,1
confirm_250ms,sensitivity,adaptive,0.08,0.25,,P011,P011_pop909_clear_motif_melody_119_melody.mid,896c48c32a15cf85bd286aa4436d0a697c9a91692eb0fb128687d212976619d5,10,7.272728,2,0,2,1,0,0.0,2.483182;8.842273,0,-1,,2,1,0,-1,,2,1,1,1,1.569545450000116,1,0
confirm_250ms,sensitivity,adaptive,0.08,0.25,,P012,P012_pop909_clear_motif_melody_188_melody.mid,54bf4eb2f8bff2ccd5d214afc84523384678bdefdf3145e821781182c58bc003,10,4.363632000000001,3,0,3,2,0,0.0,1.635227;3.817043;5.180678,0,-1,,3,1,1,2,0.8170457124999775,2,0,1,2,0.8170457124999775,2,0
confirm_250ms,sensitivity,adaptive,0.08,0.25,,P013,P013_pop909_expressive_rubato_203_bridge.mid,d94792fd3118efad79013d413549904951e6acf204434771004ef7b6bac68e4a,9,3.000000000000001,2,0,2,1,1,0.0,1.578958;5.328958,0,-1,,2,1,0,-1,,2,1,0,-1,,2,1
confirm_250ms,sensitivity,adaptive,0.08,0.25,,P014,P014_pop909_expressive_rubato_203_bridge.mid,d78dea53ea8b5558568755412ec7c72b704ce448c1990fbb631bad2aba3c7411,9,3.0,1,0,1,0,1,0.0,5.328958,0,-1,,1,1,0,-1,,1,1,0,-1,,1,1
confirm_250ms,sensitivity,adaptive,0.08,0.25,,P015,P015_pop909_expressive_rubato_263_bridge.mid,fdbb28e369fed211abc0a0b53b2006a331c357c454f4284639fd36961d3aac40,16,5.333328000000002,1,0,1,0,1,0.0,7.550550,0,-1,,1,1,0,-1,,1,1,0,-1,,1,1
confirm_250ms,sensitivity,adaptive,0.08,0.25,,P016,P016_pop909_expressive_rubato_617_bridge.mid,37d4c7b2c4a5856f926b9e67a662ac676aa83beca73c7dfc2dd6c188e52a38a4,4,1.3348119999999997,1,0,1,0,0,0.0,3.328689,0,-1,,1,1,0,-1,,1,1,1,0,1.9938765666666238,0,0
confirm_250ms,sensitivity,adaptive,0.08,0.25,,P017,P017_pop909_expressive_rubato_178_bridge.mid,cfbf91b1d04e90e9d2e6b6f7ddd9fc480393f1166fde55646495523c989f5d8e,20,6.760552000000001,1,0,1,0,1,0.0,8.955200,0,-1,,1,1,0,-1,,1,1,0,-1,,1,1
confirm_250ms,sensitivity,adaptive,0.08,0.25,,P018,P018_pop909_expressive_rubato_191_bridge.mid,b6e56889014ca3786b340c447e92d66f50ed149b21600186179487f5799f9b73,22,7.272727999999999,2,0,2,1,1,0.0,3.278712;9.965986,0,-1,,2,1,0,-1,,2,1,0,-1,,2,1
confirm_250ms,sensitivity,adaptive,0.08,0.25,,P019,P019_pop909_expressive_rubato_178_bridge.mid,51d4e82b5c0b217263d7a849828b0f05a8411876b0a87f85f4c175bf27767739,20,6.760551999999999,4,1,3,2,0,0.25,2.989786;5.279782;7.636468,0,-1,,3,1,1,2,0.8759155166666481,2,0,1,2,0.8759155166666481,2,0
confirm_250ms,sensitivity,adaptive,0.08,0.25,,P020,P020_pop909_expressive_rubato_212_bridge.mid,6f5eee7b1684521d31dac9b4e36649e423a8ce813df0a5f142967525e2bf2e17,17,5.783128,2,0,2,1,0,0.0,4.348793;6.805357,0,-1,,2,1,0,-1,,2,1,1,1,1.0222291645833046,1,0
confirm_250ms,sensitivity,adaptive,0.08,0.25,,P021,P021_pop909_chord_arpeggio_polyphonic_227_piano.mid,41b21fee0bca14bd00917fcf3d879b2fcebb9856fef2228a36e0b912e58444c9,18,7.1641759999999985,1,0,1,0,0,0.0,8.576340,0,-1,,1,1,0,-1,,1,1,1,0,1.4121642583334024,0,0
confirm_250ms,sensitivity,adaptive,0.08,0.25,,P022,P022_pop909_chord_arpeggio_polyphonic_003_piano.mid,ea9963c2ef0400f7458ed0b378c21cc36273462aabccb9685efcd21625bbdcfd,19,2.9268239999999985,1,0,1,0,0,0.0,3.806763,0,-1,,1,1,1,0,0.8799393124999781,0,0,1,0,0.8799393124999781,0,0
confirm_250ms,sensitivity,adaptive,0.08,0.25,,P023,P023_pop909_chord_arpeggio_polyphonic_222_piano.mid,bddeab49734bbbb17982dc09bdfaac6a8c2e1a112b7fd3464c5e7c9deadcfc94,19,6.1538400000000015,1,0,1,0,0,0.0,7.395507,0,-1,,1,1,0,-1,,1,1,1,0,1.2416669999999668,0,0
confirm_250ms,sensitivity,adaptive,0.08,0.25,,P024,P024_pop909_chord_arpeggio_polyphonic_287_piano.mid,ec7a6fe844d8678913cee3e05d68bc85d02d45d316e498dcfe79e58c814953c2,26,6.9347729000000005,1,0,1,0,1,0.0,9.117672,0,-1,,1,1,0,-1,,1,1,0,-1,,1,1
confirm_250ms,sensitivity,adaptive,0.08,0.25,,P025,P025_pop909_chord_arpeggio_polyphonic_566_piano.mid,52dae62297b7cdeff27e0bea0925c8bebbbb999e9935efba566c8ffc51c206e8,22,5.783128,1,0,1,0,0,0.0,6.942405,0,-1,,1,1,0,-1,,1,1,1,0,1.1592772499999713,0,0
confirm_250ms,sensitivity,adaptive,0.08,0.25,,P026,P026_pop909_chord_arpeggio_polyphonic_106_piano.mid,5a21694b1c7abc6be7e5c6ee6dd6611dbca54dacb44c602d9f7dc226f5eaad89,28,7.1641759999999985,1,0,1,0,0,0.0,8.637907,0,-1,,1,1,0,-1,,1,1,1,0,1.4737313958334122,0,0
confirm_250ms,sensitivity,adaptive,0.08,0.25,,P027,P027_pop909_chord_arpeggio_polyphonic_218_piano.mid,3d2716434e914a4c1b7b0fee64a762d631c9eb844e328c4f880eb95f36c370a6,32,7.0588159999999975,1,0,1,0,0,0.0,8.052198,0,-1,,1,1,1,0,0.9933824666666533,0,0,1,0,0.9933824666666533,0,0
confirm_250ms,sensitivity,adaptive,0.08,0.25,,P028,P028_pop909_chord_arpeggio_polyphonic_242_piano.mid,cd5c6e16ed3247ea34a6331d4c2e4dd980c5793b2def6bf2d11ae3b4d6d7560e,27,7.868856,1,0,1,0,0,0.0,9.121069,0,-1,,1,1,0,-1,,1,1,1,0,1.25221304375017,0,0
confirm_250ms,sensitivity,adaptive,0.08,0.25,,P029,P029_pop909_sparse_short_062_melody.mid,de331be603af62c8ecaeb6b4de4413d0dfe0f3c4a24efa36a90905ae0bb82a26,3,3.24324,1,0,1,0,0,0.0,4.600268,0,-1,,1,1,0,-1,,1,1,1,0,1.357027749999956,0,0
confirm_250ms,sensitivity,adaptive,0.08,0.25,,P030,P030_pop909_sparse_short_062_melody.mid,f2c561cfdf3ae696074a8292cfd9b6e91d18a740bb99c9c5ad4661e2b5225717,3,2.12837625,1,0,1,1,0,0.0,1.358243,0,-1,,1,1,0,-1,,1,1,0,-1,,1,1
confirm_250ms,sensitivity,adaptive,0.08,0.25,,P031,P031_pop909_sparse_short_062_melody.mid,113bb580ca65ca779549df831e3b90b62932fe9eb9935891172b6636ee9e6079,3,3.24324,1,0,1,0,0,0.0,4.600268,0,-1,,1,1,0,-1,,1,1,1,0,1.357027749999956,0,0
confirm_250ms,sensitivity,adaptive,0.08,0.25,,P032,P032_pop909_sparse_short_062_melody.mid,2638d2ec8832338b8f57a7147f9874c863c36279707599ffbd8782269c399746,3,3.24324,1,0,1,0,0,0.0,4.600268,0,-1,,1,1,0,-1,,1,1,1,0,1.357027749999956,0,0
confirm_250ms,sensitivity,adaptive,0.08,0.25,,P033,P033_pop909_sparse_short_062_melody.mid,dcf51fe0bedf2f9e1acede760976dcde4a78650e163ec3c6ce86d970b4cc65c3,3,3.24324,1,0,1,0,0,0.0,4.600268,0,-1,,1,1,0,-1,,1,1,1,0,1.357027749999956,0,0
confirm_250ms,sensitivity,adaptive,0.08,0.25,,P034,P034_pop909_dense_fast_095_bridge.mid,1eec4634489ebc2145d5d07f86a58778c994982c97d2dd5704238989cafe8164,49,1.7610275333333312,1,0,1,0,0,0.0,2.265807,0,-1,,1,1,1,0,0.5047794333333222,0,0,1,0,0.5047794333333222,0,0
confirm_250ms,sensitivity,adaptive,0.08,0.25,,P035,P035_pop909_dense_fast_351_bridge.mid,cce631ae36062ea5c6c5856ce61c72dee517b0d26fc59e569c45986becb91fa5,28,1.0351939999999993,1,0,1,0,0,0.0,1.502946,1,0,0.4677520854166559,0,0,1,0,0.4677520854166559,0,0,1,0,0.4677520854166559,0,0
confirm_250ms,sensitivity,adaptive,0.08,0.25,,P036,P036_pop909_dense_fast_095_bridge.mid,8d7b860e3c98cfc78be2b1d435ac9d52da48b3df427707b2c9dc6e28266f4b58,38,1.6801452666666645,1,0,1,0,0,0.0,2.192572,0,-1,,1,1,1,0,0.5124264999999888,0,0,1,0,0.5124264999999888,0,0
confirm_250ms,sensitivity,adaptive,0.08,0.25,,P037,P037_pop909_dense_fast_095_bridge.mid,14ee870cca3317109b67f85cc0241e6678d38b8efed31130577d8d722e145a58,30,0.7977932666666666,1,0,1,0,0,0.0,1.300220,0,-1,,1,1,1,0,0.5024264999999938,0,0,1,0,0.5024264999999938,0,0
confirm_250ms,sensitivity,adaptive,0.08,0.25,,P038,P038_pop909_dense_fast_727_bridge.mid,4cec022a9c9e7dd2ec868ae3124b7089c195126defe23b8a3d440d2c7bbaf873,45,1.2854942770833329,1,0,1,0,0,0.0,1.788828,0,-1,,1,1,1,0,0.5033333187499884,0,0,1,0,0.5033333187499884,0,0
confirm_250ms,sensitivity,adaptive,0.08,0.25,,P039,P039_pop909_chromatic_outside_789_piano.mid,89dc01789fe23c4372b236cc806e6567b05346295e667c74639aa4642a3e304b,16,7.272728,1,0,1,0,1,0.0,9.397879,0,-1,,1,1,0,-1,,1,1,0,-1,,1,1
confirm_250ms,sensitivity,adaptive,0.08,0.25,,P040,P040_pop909_chromatic_outside_064_piano.mid,76f70f424a678deaed9e02ef3b85db1c47a828b39689b0fb75fd6c5cd5f84a3f,23,7.562499999999999,1,0,1,0,0,0.0,7.788333,1,0,0.2258333333333118,0,0,1,0,0.2258333333333118,0,0,1,0,0.2258333333333118,0,0
confirm_250ms,sensitivity,adaptive,0.08,0.25,,P041,P041_pop909_chromatic_outside_796_piano.mid,5313ed35276167210c99ca9b0d50773ad1c5a71997072b20b1653efba88eb36f,20,6.486488,1,0,1,0,0,0.0,7.836556,0,-1,,1,1,0,-1,,1,1,1,0,1.3500675395833017,0,0
confirm_250ms,sensitivity,adaptive,0.08,0.25,,P042,P042_pop909_chromatic_outside_254_piano.mid,dfb97d893bd303a0043e98fe7c14dc376233ce114864c10be992cad37ef88538,24,3.3027539999999993,1,0,1,0,0,0.0,4.221791,0,-1,,1,1,1,0,0.9190365520833081,0,0,1,0,0.9190365520833081,0,0
confirm_250ms,sensitivity,adaptive,0.08,0.25,,P043,P043_pop909_chromatic_outside_311_bridge.mid,8bb993a52d683a9b093e77f22d9fa6d3df633472edafb5a0056e4e19b5852902,14,7.5,3,0,3,2,0,0.0,2.280937;6.030937;8.525938,0,-1,,3,1,0,-1,,3,1,1,2,1.0259375000000688,2,0
confirm_250ms,sensitivity,adaptive,0.08,0.25,,P044,P044_pop909_false_ending_pause_322_bridge.mid,92fa6bc714e6881f40bd275254b082416486b9d155453539c6e2e9cce641a65c,7,4.633333333333333,1,0,1,0,0,0.0,4.842500,1,0,0.20916666666663009,0,0,1,0,0.20916666666663009,0,0,1,0,0.20916666666663009,0,0
confirm_250ms,sensitivity,adaptive,0.08,0.25,,P045,P045_pop909_false_ending_pause_008_bridge.mid,28ee69826748317d665163811014939ed01825addd8f2c9505d27364a6b4adc8,7,4.876923483333333,2,0,2,2,0,0.0,2.304615;4.670769,0,-1,,2,1,0,-1,,2,1,0,-1,,2,1
confirm_250ms,sensitivity,adaptive,0.08,0.25,,P046,P046_pop909_false_ending_pause_253_bridge.mid,0e6ab6a38b763c541fa954510aaf319efab974b676865fe44aaa2c2338435f50,7,5.9943121875,2,0,2,1,1,0.0,2.530226;8.516132,0,-1,,2,1,0,-1,,2,1,0,-1,,2,1
confirm_250ms,sensitivity,adaptive,0.08,0.25,,P047,P047_pop909_false_ending_pause_396_melody.mid,45f3dedbc0915a84ff315fcf7040e15383bbafbc739845cd8f4e4db11fbe1207,7,3.8673180812499997,1,0,1,1,0,0.0,3.642681,0,-1,,1,1,0,-1,,1,1,0,-1,,1,1
confirm_250ms,sensitivity,adaptive,0.08,0.25,,P048,P048_pop909_repetition_tail_234_bridge.mid,8edaf0b3c05cb78569d9801754c34b780426e21b3654154ff150d50ac4c12b59,8,4.000000000000001,2,0,2,1,0,0.0,3.111250;4.861250,0,-1,,2,1,1,1,0.8612499999999788,1,0,1,1,0.8612499999999788,1,0
confirm_250ms,sensitivity,adaptive,0.08,0.25,,P049,P049_pop909_repetition_tail_282_bridge.mid,b5bf7675db361f16e2641027f14dbd38a665a77edf6ca030a9254be54ddab400,8,5.691775224999999,1,0,1,0,0,0.0,7.196159,0,-1,,1,1,0,-1,,1,1,1,0,1.5043838916666274,0,0
confirm_250ms,sensitivity,adaptive,0.08,0.25,,P050,P050_pop909_repetition_tail_340_bridge.mid,92dfb3e992339ebac2e7204e10ece5a799d2ae91faeb4c2a0ff6f5611e0bfbac,8,5.245888,2,0,2,1,0,0.0,3.927151;6.526161,0,-1,,2,1,0,-1,,2,1,1,1,1.2802734833333043,1,0
